Date,Open,High,Low,Close,Adj Close,Volume
2021-01-04,4.849999904632568,4.929999828338623,4.809999942779541,4.909999847412109,4.909999847412109,4746692
2021-01-05,4.840000152587891,4.860000133514404,4.800000190734863,4.840000152587891,4.840000152587891,7232543
2021-01-06,4.849999904632568,4.900000095367432,4.800000190734863,4.809999942779541,4.809999942779541,8267191
2021-01-07,4.849999904632568,4.949999809265137,4.829999923706055,4.909999847412109,4.909999847412109,8129141
2021-01-08,4.889999866485596,4.980000019073486,4.869999885559082,4.920000076293945,4.920000076293945,5855372
2021-01-11,4.929999828338623,4.949999809265137,4.885000228881836,4.909999847412109,4.909999847412109,4257022
2021-01-12,4.909999847412109,4.929999828338623,4.829999923706055,4.829999923706055,4.829999923706055,5147873
2021-01-13,4.829999923706055,4.880000114440918,4.730000019073486,4.800000190734863,4.800000190734863,7427997
2021-01-14,4.800000190734863,4.829999923706055,4.730000019073486,4.800000190734863,4.800000190734863,3209648
2021-01-15,4.849999904632568,4.940000057220459,4.820000171661377,4.880000114440918,4.880000114440918,6751753
2021-01-18,4.860000133514404,4.869999885559082,4.789999961853027,4.809999942779541,4.809999942779541,5542819
2021-01-19,4.829999923706055,4.920000076293945,4.804999828338623,4.880000114440918,4.880000114440918,5267488
2021-01-20,4.860000133514404,4.860000133514404,4.78000020980835,4.820000171661377,4.820000171661377,5166031
2021-01-21,4.849999904632568,4.860000133514404,4.804999828338623,4.849999904632568,4.849999904632568,5238482
2021-01-22,4.800000190734863,4.869999885559082,4.789999961853027,4.849999904632568,4.849999904632568,7991135
2021-01-25,4.849999904632568,4.849999904632568,4.760000228881836,4.769999980926514,4.769999980926514,4594799
2021-01-27,4.760000228881836,4.769999980926514,4.630000114440918,4.630000114440918,4.630000114440918,8926184
2021-01-28,4.599999904632568,4.639999866485596,4.510000228881836,4.550000190734863,4.550000190734863,9387404
2021-01-29,4.639999866485596,4.75,4.489999771118164,4.5,4.5,12867092
2021-02-01,4.480000019073486,4.579999923706055,4.429999828338623,4.519999980926514,4.519999980926514,9713395
2021-02-02,4.550000190734863,4.690000057220459,4.545000076293945,4.670000076293945,4.670000076293945,8122590
2021-02-03,4.75,4.800000190734863,4.699999809265137,4.699999809265137,4.699999809265137,6726235
2021-02-04,4.710000038146973,4.849999904632568,4.690000057220459,4.710000038146973,4.710000038146973,8876858
2021-02-05,4.760000228881836,4.78000020980835,4.664999961853027,4.739999771118164,4.739999771118164,7826289
2021-02-08,4.760000228881836,4.820000171661377,4.730000019073486,4.769999980926514,4.769999980926514,9881517
2021-02-09,4.800000190734863,4.869999885559082,4.769999980926514,4.829999923706055,4.829999923706055,6521344
2021-02-10,4.849999904632568,4.869999885559082,4.764999866485596,4.769999980926514,4.769999980926514,11012181
2021-02-11,4.75,4.809999942779541,4.710000038146973,4.78000020980835,4.78000020980835,7497330
2021-02-12,4.699999809265137,4.75,4.539999961853027,4.550000190734863,4.550000190734863,12531072
2021-02-15,4.599999904632568,4.690000057220459,4.565000057220459,4.579999923706055,4.579999923706055,7405577
2021-02-16,4.659999847412109,4.730000019073486,4.630000114440918,4.699999809265137,4.699999809265137,8752616
2021-02-17,4.71999979019165,4.760000228881836,4.659999847412109,4.730000019073486,4.730000019073486,8865468
2021-02-18,4.730000019073486,4.75,4.670000076293945,4.699999809265137,4.699999809265137,11604347
2021-02-19,4.690000057220459,4.760000228881836,4.619999885559082,4.619999885559082,4.619999885559082,6233704
2021-02-22,4.670000076293945,4.820000171661377,4.664999961853027,4.820000171661377,4.820000171661377,16914731
2021-02-23,4.900000095367432,5.139999866485596,4.889999866485596,5.03000020980835,5.03000020980835,19567843
2021-02-24,5.059999942779541,5.144999980926514,4.980000019073486,5.010000228881836,5.010000228881836,22943412
2021-02-25,5.130000114440918,5.264999866485596,5.050000190734863,5.099999904632568,5.099999904632568,30633037
2021-02-26,4.980000019073486,5.03000020980835,4.900000095367432,5.0,5.0,22099581
2021-03-01,5.019999980926514,5.050000190734863,4.940000057220459,5.0,5.0,9710533
2021-03-02,5.050000190734863,5.050000190734863,4.869999885559082,4.889999866485596,4.889999866485596,13091029
2021-03-03,4.909999847412109,5.059999942779541,4.820000171661377,5.03000020980835,5.03000020980835,13979688
2021-03-04,5.039999961853027,5.099999904632568,4.96999979019165,5.079999923706055,5.079999923706055,8649908
2021-03-05,5.019999980926514,5.135000228881836,5.0,5.099999904632568,5.099999904632568,13607469
2021-03-08,5.139999866485596,5.159999847412109,5.019999980926514,5.019999980926514,5.019999980926514,6439494
2021-03-09,5.090000152587891,5.15500020980835,5.019999980926514,5.139999866485596,5.139999866485596,14766456
2021-03-10,5.199999809265137,5.25,5.139999866485596,5.170000076293945,5.170000076293945,8892334
2021-03-11,5.380000114440918,5.400000095367432,5.179999828338623,5.300000190734863,5.300000190734863,17476342
2021-03-12,5.380000114440918,5.380000114440918,5.25,5.300000190734863,5.300000190734863,7870641
2021-03-15,5.349999904632568,5.5,5.340000152587891,5.5,5.5,16171371
2021-03-16,5.53000020980835,5.590000152587891,5.429999828338623,5.480000019073486,5.480000019073486,11361249
2021-03-17,5.460000038146973,5.474999904632568,5.400000095367432,5.449999809265137,5.449999809265137,6867719
2021-03-18,5.400000095367432,5.489999771118164,5.400000095367432,5.409999847412109,5.409999847412109,15204739
2021-03-19,5.400000095367432,5.440000057220459,5.340000152587891,5.349999904632568,5.349999904632568,13559887
2021-03-22,5.349999904632568,5.369999885559082,5.289999961853027,5.329999923706055,5.329999923706055,5318656
2021-03-23,5.300000190734863,5.309999942779541,5.179999828338623,5.210000038146973,5.210000038146973,6937074
2021-03-24,5.130000114440918,5.179999828338623,5.070000171661377,5.130000114440918,5.130000114440918,8749239
2021-03-25,5.150000095367432,5.159999847412109,5.09499979019165,5.110000133514404,5.110000133514404,7121961
2021-03-26,5.150000095367432,5.199999809265137,5.105000019073486,5.110000133514404,5.110000133514404,5695429
2021-03-29,5.139999866485596,5.150000095367432,5.059999942779541,5.070000171661377,5.070000171661377,6969303
2021-03-30,5.079999923706055,5.130000114440918,5.0,5.0,5.0,6661375
2021-03-31,5.03000020980835,5.170000076293945,5.03000020980835,5.090000152587891,5.090000152587891,8494423
2021-04-01,5.130000114440918,5.150000095367432,5.039999961853027,5.099999904632568,5.099999904632568,5856639
2021-04-06,5.190000057220459,5.28000020980835,5.159999847412109,5.260000228881836,5.260000228881836,7657489
2021-04-07,5.300000190734863,5.5,5.289999961853027,5.400000095367432,5.400000095367432,9949225
2021-04-08,5.420000076293945,5.440000057220459,5.369999885559082,5.420000076293945,5.420000076293945,6267245
2021-04-09,5.400000095367432,5.46999979019165,5.349999904632568,5.449999809265137,5.449999809265137,5992511
2021-04-12,5.420000076293945,5.440000057220459,5.289999961853027,5.320000171661377,5.320000171661377,5189285
2021-04-13,5.340000152587891,5.349999904632568,5.25,5.269999980926514,5.269999980926514,4250525
2021-04-14,5.269999980926514,5.289999961853027,5.190000057220459,5.210000038146973,5.210000038146973,5368125
2021-04-15,5.230000019073486,5.28000020980835,5.170000076293945,5.199999809265137,5.199999809265137,6970300
2021-04-16,5.210000038146973,5.230000019073486,5.119999885559082,5.179999828338623,5.179999828338623,7944347
2021-04-19,5.199999809265137,5.21999979019165,5.079999923706055,5.079999923706055,5.079999923706055,6414967
2021-04-20,5.059999942779541,5.079999923706055,5.0,5.010000228881836,5.010000228881836,8434088
2021-04-21,4.940000057220459,4.949999809265137,4.860000133514404,4.940000057220459,4.940000057220459,9750513
2021-04-22,4.980000019073486,5.03000020980835,4.949999809265137,5.010000228881836,5.010000228881836,7863394
2021-04-23,5.010000228881836,5.050000190734863,4.96999979019165,4.989999771118164,4.989999771118164,3707996
2021-04-26,4.989999771118164,5.010000228881836,4.929999828338623,4.929999828338623,4.929999828338623,5528257
2021-04-27,4.929999828338623,4.929999828338623,4.880000114440918,4.900000095367432,4.900000095367432,3857124
2021-04-28,4.960000038146973,5.010000228881836,4.940000057220459,4.96999979019165,4.96999979019165,5356421
2021-04-29,5.0,5.025000095367432,4.929999828338623,5.0,5.0,4817044
2021-04-30,4.980000019073486,4.989999771118164,4.929999828338623,4.949999809265137,4.949999809265137,5217292
2021-05-03,4.96999979019165,5.019999980926514,4.920000076293945,4.940000057220459,4.940000057220459,3704915
2021-05-04,4.949999809265137,4.980000019073486,4.889999866485596,4.929999828338623,4.929999828338623,4553658
2021-05-05,4.880000114440918,4.889999866485596,4.809999942779541,4.809999942779541,4.809999942779541,8388294
2021-05-06,4.809999942779541,4.829999923706055,4.659999847412109,4.739999771118164,4.739999771118164,8960115
2021-05-07,4.71999979019165,4.820000171661377,4.690000057220459,4.769999980926514,4.769999980926514,15359561
2021-05-10,4.78000020980835,4.829999923706055,4.679999828338623,4.710000038146973,4.710000038146973,5347615
2021-05-11,4.699999809265137,4.739999771118164,4.610000133514404,4.659999847412109,4.659999847412109,7906650
2021-05-12,4.610000133514404,4.639999866485596,4.480000019073486,4.5,4.5,16577970
2021-05-13,4.460000038146973,4.46999979019165,4.320000171661377,4.400000095367432,4.400000095367432,12102075
2021-05-14,4.440000057220459,4.480000019073486,4.409999847412109,4.449999809265137,4.449999809265137,9335561
2021-05-17,4.5,4.585000038146973,4.480000019073486,4.550000190734863,4.550000190734863,6493147
2021-05-18,4.619999885559082,4.630000114440918,4.539999961853027,4.599999904632568,4.599999904632568,5205612
2021-05-19,4.510000228881836,4.550000190734863,4.46999979019165,4.519999980926514,4.519999980926514,8111299
2021-05-20,4.670000076293945,4.739999771118164,4.610000133514404,4.679999828338623,4.679999828338623,11591774
2021-05-21,4.75,4.78000020980835,4.670000076293945,4.739999771118164,4.739999771118164,10915177
2021-05-24,4.760000228881836,4.78000020980835,4.679999828338623,4.71999979019165,4.71999979019165,5590400
2021-05-25,4.710000038146973,4.739999771118164,4.659999847412109,4.710000038146973,4.710000038146973,5839636
2021-05-26,4.690000057220459,4.699999809265137,4.619999885559082,4.670000076293945,4.670000076293945,8364220
2021-05-27,4.639999866485596,4.710000038146973,4.590000152587891,4.690000057220459,4.690000057220459,8406282
2021-05-28,4.75,4.824999809265137,4.739999771118164,4.809999942779541,4.809999942779541,10823036
2021-05-31,4.849999904632568,4.860000133514404,4.699999809265137,4.710000038146973,4.710000038146973,5616458
2021-06-01,4.730000019073486,4.739999771118164,4.670000076293945,4.710000038146973,4.710000038146973,4706915
2021-06-02,4.670000076293945,4.800000190734863,4.664999961853027,4.789999961853027,4.789999961853027,6401850
2021-06-03,4.820000171661377,4.920000076293945,4.78000020980835,4.909999847412109,4.909999847412109,8338282
2021-06-04,4.909999847412109,4.920000076293945,4.829999923706055,4.869999885559082,4.869999885559082,5496399
2021-06-07,4.849999904632568,4.869999885559082,4.760000228881836,4.78000020980835,4.78000020980835,4370527
2021-06-08,4.800000190734863,4.869999885559082,4.800000190734863,4.840000152587891,4.840000152587891,5555070
2021-06-09,4.840000152587891,4.900000095367432,4.800000190734863,4.809999942779541,4.809999942779541,4639658
2021-06-10,4.809999942779541,4.829999923706055,4.75,4.769999980926514,4.769999980926514,4009515
2021-06-11,4.769999980926514,4.78000020980835,4.670000076293945,4.710000038146973,4.710000038146973,20660137
2021-06-15,4.71999979019165,4.730000019073486,4.659999847412109,4.71999979019165,4.71999979019165,5748407
2021-06-16,4.71999979019165,4.739999771118164,4.699999809265137,4.71999979019165,4.71999979019165,4520430
2021-06-17,4.739999771118164,4.739999771118164,4.670000076293945,4.710000038146973,4.710000038146973,6666860
2021-06-18,4.699999809265137,4.869999885559082,4.690000057220459,4.849999904632568,4.849999904632568,14921999
2021-06-21,4.71999979019165,4.739999771118164,4.630000114440918,4.670000076293945,4.670000076293945,8965517
2021-06-22,4.710000038146973,4.769999980926514,4.690000057220459,4.730000019073486,4.730000019073486,7530934
2021-06-23,4.739999771118164,4.78000020980835,4.679999828338623,4.71999979019165,4.71999979019165,6756100
2021-06-24,4.679999828338623,4.690000057220459,4.610000133514404,4.630000114440918,4.630000114440918,11669482
2021-06-25,4.699999809265137,4.760000228881836,4.630000114440918,4.730000019073486,4.730000019073486,6338019
2021-06-28,4.599999904632568,4.610000133514404,4.460000038146973,4.539999961853027,4.539999961853027,15687135
2021-06-29,4.53000020980835,4.570000171661377,4.5,4.550000190734863,4.550000190734863,7327355
2021-06-30,4.570000171661377,4.690000057220459,4.550000190734863,4.659999847412109,4.659999847412109,11392763
2021-07-01,4.679999828338623,4.769999980926514,4.619999885559082,4.630000114440918,4.630000114440918,6937264
2021-07-02,4.670000076293945,4.820000171661377,4.659999847412109,4.789999961853027,4.789999961853027,9750447
2021-07-05,4.849999904632568,4.940000057220459,4.835000038146973,4.920000076293945,4.920000076293945,9142380
2021-07-06,4.940000057220459,4.96999979019165,4.880000114440918,4.909999847412109,4.909999847412109,5566384
2021-07-07,4.900000095367432,4.920000076293945,4.840000152587891,4.880000114440918,4.880000114440918,6512850
2021-07-08,4.909999847412109,4.920000076293945,4.840000152587891,4.849999904632568,4.849999904632568,5936885
2021-07-09,4.820000171661377,4.829999923706055,4.699999809265137,4.71999979019165,4.71999979019165,7639508
2021-07-12,4.739999771118164,4.75,4.679999828338623,4.730000019073486,4.730000019073486,7838857
2021-07-13,4.75,4.769999980926514,4.730000019073486,4.739999771118164,4.739999771118164,6668628
2021-07-14,4.739999771118164,4.755000114440918,4.710000038146973,4.710000038146973,4.710000038146973,6626479
2021-07-15,4.710000038146973,4.739999771118164,4.670000076293945,4.679999828338623,4.679999828338623,7182210
2021-07-16,4.690000057220459,4.739999771118164,4.650000095367432,4.71999979019165,4.71999979019165,7669265
2021-07-19,4.659999847412109,4.679999828338623,4.570000171661377,4.650000095367432,4.650000095367432,7976749
2021-07-20,4.579999923706055,4.579999923706055,4.539999961853027,4.539999961853027,4.539999961853027,7314151
2021-07-21,4.590000152587891,4.599999904632568,4.519999980926514,4.53000020980835,4.53000020980835,7333559
2021-07-22,4.550000190734863,4.659999847412109,4.53000020980835,4.639999866485596,4.639999866485596,7798122
2021-07-23,4.579999923706055,4.630000114440918,4.539999961853027,4.550000190734863,4.550000190734863,10993793
2021-07-26,4.550000190734863,4.619999885559082,4.550000190734863,4.599999904632568,4.599999904632568,5768775
2021-07-27,4.610000133514404,4.744999885559082,4.590000152587891,4.690000057220459,4.690000057220459,7401569
2021-07-28,4.679999828338623,4.710000038146973,4.639999866485596,4.639999866485596,4.639999866485596,8080646
2021-07-29,4.619999885559082,4.639999866485596,4.590000152587891,4.619999885559082,4.619999885559082,5133662
2021-07-30,4.599999904632568,4.619999885559082,4.559999942779541,4.590000152587891,4.590000152587891,11161259
2021-08-02,4.599999904632568,4.614999771118164,4.559999942779541,4.559999942779541,4.559999942779541,8865913
2021-08-03,4.550000190734863,4.550000190734863,4.460000038146973,4.519999980926514,4.519999980926514,13415913
2021-08-04,4.5,4.519999980926514,4.46999979019165,4.5,4.5,7417107
2021-08-05,4.460000038146973,4.519999980926514,4.449999809265137,4.460000038146973,4.460000038146973,13196935
2021-08-06,4.5,4.570000171661377,4.480000019073486,4.570000171661377,4.570000171661377,12356245
2021-08-09,4.570000171661377,4.619999885559082,4.550000190734863,4.570000171661377,4.570000171661377,10455254
2021-08-10,4.570000171661377,4.610000133514404,4.510000228881836,4.510000228881836,4.510000228881836,6102759
2021-08-11,4.519999980926514,4.550000190734863,4.489999771118164,4.5,4.5,7025564
2021-08-12,4.539999961853027,4.550000190734863,4.510000228881836,4.510000228881836,4.510000228881836,6661262
2021-08-13,4.510000228881836,4.550000190734863,4.510000228881836,4.539999961853027,4.539999961853027,5459326
2021-08-16,4.53000020980835,4.53000020980835,4.460000038146973,4.460000038146973,4.460000038146973,7452207
2021-08-17,4.480000019073486,4.489999771118164,4.420000076293945,4.420000076293945,4.420000076293945,7128948
2021-08-18,4.409999847412109,4.434999942779541,4.360000133514404,4.400000095367432,4.400000095367432,7024391
2021-08-19,4.389999866485596,4.400000095367432,4.335000038146973,4.340000152587891,4.340000152587891,7117227
2021-08-20,4.329999923706055,4.349999904632568,4.239999771118164,4.25,4.25,11549172
2021-08-23,4.25,4.409999847412109,4.199999809265137,4.380000114440918,4.380000114440918,12748752
2021-08-24,4.449999809265137,4.650000095367432,4.429999828338623,4.619999885559082,4.619999885559082,10198458
2021-08-25,4.789999961853027,4.920000076293945,4.769999980926514,4.869999885559082,4.869999885559082,15909665
2021-08-26,5.0,5.050000190734863,4.929999828338623,5.039999961853027,5.039999961853027,26869168
2021-08-27,5.050000190734863,5.159999847412109,5.050000190734863,5.150000095367432,5.150000095367432,18353225
2021-08-30,5.170000076293945,5.199999809265137,5.0,5.039999961853027,5.039999961853027,9632689
2021-08-31,5.039999961853027,5.130000114440918,5.019999980926514,5.090000152587891,5.090000152587891,15435409
2021-09-01,5.079999923706055,5.25,5.045000076293945,5.25,5.25,9457239
2021-09-02,5.260000228881836,5.28000020980835,5.170000076293945,5.21999979019165,5.21999979019165,8974437
2021-09-03,5.21999979019165,5.340000152587891,5.210000038146973,5.340000152587891,5.340000152587891,11881107
2021-09-06,5.329999923706055,5.420000076293945,5.309999942779541,5.389999866485596,5.389999866485596,15774777
2021-09-07,5.389999866485596,5.429999828338623,5.320000171661377,5.429999828338623,5.429999828338623,11442030
2021-09-08,5.429999828338623,5.429999828338623,5.340000152587891,5.360000133514404,5.360000133514404,9884290
2021-09-09,5.369999885559082,5.369999885559082,5.21999979019165,5.230000019073486,5.230000019073486,12557636
2021-09-10,5.289999961853027,5.360000133514404,5.260000228881836,5.320000171661377,5.320000171661377,9013141
2021-09-13,5.289999961853027,5.309999942779541,5.199999809265137,5.309999942779541,5.309999942779541,5672198
2021-09-14,5.340000152587891,5.460000038146973,5.340000152587891,5.429999828338623,5.429999828338623,16899253
2021-09-15,5.429999828338623,5.449999809265137,5.369999885559082,5.429999828338623,5.429999828338623,13229750
2021-09-16,5.449999809265137,5.489999771118164,5.434999942779541,5.449999809265137,5.449999809265137,6860058
2021-09-17,5.5,5.559999942779541,5.449999809265137,5.53000020980835,5.53000020980835,13082530
2021-09-20,5.53000020980835,5.53000020980835,5.349999904632568,5.380000114440918,5.380000114440918,6181182
2021-09-21,5.309999942779541,5.53000020980835,5.269999980926514,5.5,5.5,7166584
2021-09-22,5.489999771118164,5.53000020980835,5.449999809265137,5.46999979019165,5.46999979019165,5776587
2021-09-23,5.550000190734863,5.75,5.550000190734863,5.71999979019165,5.71999979019165,10588836
2021-09-24,5.75,5.769999980926514,5.625,5.639999866485596,5.639999866485596,6028652
2021-09-27,5.699999809265137,5.880000114440918,5.699999809265137,5.800000190734863,5.800000190734863,9788936
2021-09-28,5.78000020980835,5.840000152587891,5.710000038146973,5.739999771118164,5.739999771118164,7987238
2021-09-29,5.690000057220459,5.710000038146973,5.5,5.539999961853027,5.539999961853027,10039353
2021-09-30,5.550000190734863,5.679999828338623,5.550000190734863,5.670000076293945,5.670000076293945,9102963
2021-10-01,5.619999885559082,5.769999980926514,5.610000133514404,5.710000038146973,5.710000038146973,11439154
2021-10-04,5.860000133514404,5.920000076293945,5.789999961853027,5.809999942779541,5.809999942779541,6723040
2021-10-05,5.789999961853027,5.800000190734863,5.690000057220459,5.739999771118164,5.739999771118164,7690692
2021-10-06,5.760000228881836,5.760000228881836,5.59499979019165,5.619999885559082,5.619999885559082,9620862
2021-10-07,5.699999809265137,5.699999809265137,5.539999961853027,5.579999923706055,5.579999923706055,5912274
2021-10-08,5.599999904632568,5.630000114440918,5.550000190734863,5.590000152587891,5.590000152587891,4349610
2021-10-11,5.590000152587891,5.619999885559082,5.519999980926514,5.53000020980835,5.53000020980835,5280341
2021-10-12,5.5,5.559999942779541,5.460000038146973,5.46999979019165,5.46999979019165,6350326
2021-10-13,5.460000038146973,5.579999923706055,5.429999828338623,5.550000190734863,5.550000190734863,6972500
2021-10-14,5.510000228881836,5.610000133514404,5.5,5.579999923706055,5.579999923706055,6463934
2021-10-15,5.599999904632568,5.820000171661377,5.590000152587891,5.690000057220459,5.690000057220459,8891245
2021-10-18,5.78000020980835,5.809999942779541,5.71999979019165,5.75,5.75,4760091
2021-10-19,5.75,5.789999961853027,5.699999809265137,5.71999979019165,5.71999979019165,8497855
2021-10-20,5.760000228881836,5.769999980926514,5.679999828338623,5.730000019073486,5.730000019073486,5921177
2021-10-21,5.75,5.760000228881836,5.650000095367432,5.690000057220459,5.690000057220459,7456436
2021-10-22,5.789999961853027,5.96999979019165,5.679999828338623,5.699999809265137,5.699999809265137,12721748
2021-10-25,5.730000019073486,5.730000019073486,5.550000190734863,5.550000190734863,5.550000190734863,6644690
2021-10-26,5.579999923706055,5.579999923706055,5.489999771118164,5.53000020980835,5.53000020980835,4763850
2021-10-27,5.559999942779541,5.610000133514404,5.519999980926514,5.53000020980835,5.53000020980835,4665760
2021-10-28,5.510000228881836,5.510000228881836,5.449999809265137,5.46999979019165,5.46999979019165,5194622
2021-10-29,5.46999979019165,5.510000228881836,5.349999904632568,5.349999904632568,5.349999904632568,7716333
2021-11-01,5.429999828338623,5.619999885559082,5.400000095367432,5.510000228881836,5.510000228881836,7918761
2021-11-02,5.5,5.570000171661377,5.480000019073486,5.519999980926514,5.519999980926514,4227280
2021-11-03,5.559999942779541,5.619999885559082,5.53000020980835,5.559999942779541,5.559999942779541,3782262
2021-11-04,5.579999923706055,5.670000076293945,5.570000171661377,5.659999847412109,5.659999847412109,3382896
2021-11-05,5.670000076293945,5.690000057220459,5.599999904632568,5.619999885559082,5.619999885559082,4187870
2021-11-08,5.699999809265137,5.920000076293945,5.690000057220459,5.849999904632568,5.849999904632568,12137828
2021-11-09,5.869999885559082,5.900000095367432,5.800000190734863,5.840000152587891,5.840000152587891,4898122
2021-11-10,5.849999904632568,5.860000133514404,5.690000057220459,5.710000038146973,5.710000038146973,4493102
2021-11-11,5.679999828338623,5.690000057220459,5.590000152587891,5.630000114440918,5.630000114440918,3934604
2021-11-12,5.630000114440918,5.670000076293945,5.579999923706055,5.650000095367432,5.650000095367432,3346244
2021-11-15,5.659999847412109,5.699999809265137,5.639999866485596,5.639999866485596,5.639999866485596,3430525
2021-11-16,5.639999866485596,5.639999866485596,5.559999942779541,5.590000152587891,5.590000152587891,4129475
2021-11-17,5.590000152587891,5.630000114440918,5.574999809265137,5.610000133514404,5.610000133514404,2970714
2021-11-18,5.599999904632568,5.599999904632568,5.519999980926514,5.550000190734863,5.550000190734863,4485979
2021-11-19,5.53000020980835,5.53000020980835,5.400000095367432,5.480000019073486,5.480000019073486,6747683
2021-11-22,5.420000076293945,5.429999828338623,5.244999885559082,5.260000228881836,5.260000228881836,11428674
2021-11-23,5.28000020980835,5.329999923706055,5.190000057220459,5.260000228881836,5.260000228881836,7302155
2021-11-24,5.21999979019165,5.289999961853027,5.179999828338623,5.230000019073486,5.230000019073486,7274585
2021-11-25,5.230000019073486,5.289999961853027,5.150000095367432,5.289999961853027,5.289999961853027,9612631
2021-11-26,5.21999979019165,5.239999771118164,4.980000019073486,5.0,5.0,11585334
2021-11-29,4.869999885559082,5.010000228881836,4.849999904632568,4.900000095367432,4.900000095367432,24967477
2021-11-30,5.0,5.099999904632568,4.949999809265137,5.059999942779541,5.059999942779541,15774425
2021-12-01,5.079999923706055,5.079999923706055,4.909999847412109,4.949999809265137,4.949999809265137,9429649
2021-12-02,4.840000152587891,4.940000057220459,4.75,4.929999828338623,4.929999828338623,9200180
2021-12-03,5.059999942779541,5.070000171661377,4.900000095367432,4.960000038146973,4.960000038146973,11692585
2021-12-06,4.96999979019165,5.050000190734863,4.920000076293945,4.980000019073486,4.980000019073486,10609364
2021-12-07,5.090000152587891,5.230000019073486,5.070000171661377,5.170000076293945,5.170000076293945,10052842
2021-12-08,5.21999979019165,5.269999980926514,5.139999866485596,5.139999866485596,5.139999866485596,12382900
2021-12-09,5.159999847412109,5.179999828338623,5.03000020980835,5.079999923706055,5.079999923706055,7549800
2021-12-10,4.989999771118164,5.050000190734863,4.940000057220459,5.010000228881836,5.010000228881836,6566890
2021-12-13,5.03000020980835,5.050000190734863,4.929999828338623,4.949999809265137,4.949999809265137,6188864
2021-12-14,4.869999885559082,4.929999828338623,4.809999942779541,4.900000095367432,4.900000095367432,10669436
2021-12-15,4.909999847412109,4.929999828338623,4.840000152587891,4.869999885559082,4.869999885559082,5942122
2021-12-16,4.909999847412109,4.980000019073486,4.755000114440918,4.840000152587891,4.840000152587891,11256179
2021-12-17,4.820000171661377,4.840000152587891,4.760000228881836,4.78000020980835,4.78000020980835,13704351
2021-12-20,4.78000020980835,4.860000133514404,4.679999828338623,4.78000020980835,4.78000020980835,8244244
2021-12-21,4.78000020980835,4.84499979019165,4.690000057220459,4.820000171661377,4.820000171661377,6346465
2021-12-22,4.880000114440918,4.920000076293945,4.789999961853027,4.840000152587891,4.840000152587891,7040639
2021-12-23,4.900000095367432,4.980000019073486,4.849999904632568,4.860000133514404,4.860000133514404,5247184
2021-12-24,4.929999828338623,4.940000057220459,4.860000133514404,4.940000057220459,4.940000057220459,2471705
2021-12-29,4.960000038146973,5.039999961853027,4.920000076293945,5.019999980926514,5.019999980926514,6157024
2021-12-30,5.03000020980835,5.050000190734863,4.960000038146973,4.980000019073486,4.980000019073486,4359718
2021-12-31,5.010000228881836,5.010000228881836,4.949999809265137,5.010000228881836,5.010000228881836,3739605
2022-01-04,5.099999904632568,5.170000076293945,5.079999923706055,5.150000095367432,5.150000095367432,5815997
2022-01-05,5.159999847412109,5.170000076293945,5.059999942779541,5.099999904632568,5.099999904632568,4008117
2022-01-06,5.0,5.03000020980835,4.929999828338623,5.010000228881836,5.010000228881836,5282051
2022-01-07,5.03000020980835,5.059999942779541,5.0,5.03000020980835,5.03000020980835,3389352
2022-01-10,5.010000228881836,5.119999885559082,4.949999809265137,5.110000133514404,5.110000133514404,4032716
2022-01-11,5.0,5.159999847412109,5.0,5.150000095367432,5.150000095367432,5098980
2022-01-12,5.170000076293945,5.230000019073486,5.099999904632568,5.110000133514404,5.110000133514404,4332369
2022-01-13,5.059999942779541,5.079999923706055,4.980000019073486,4.989999771118164,4.989999771118164,5237685
2022-01-14,4.909999847412109,5.03000020980835,4.809999942779541,5.0,5.0,10363223
2022-01-17,5.079999923706055,5.170000076293945,5.03000020980835,5.119999885559082,5.119999885559082,6968675
2022-01-18,5.119999885559082,5.150000095367432,5.010000228881836,5.019999980926514,5.019999980926514,4267361
2022-01-19,4.980000019073486,5.099999904632568,4.960000038146973,5.090000152587891,5.090000152587891,4707615
2022-01-20,5.0,5.090000152587891,5.0,5.039999961853027,5.039999961853027,5426181
2022-01-21,4.989999771118164,5.010000228881836,4.849999904632568,4.889999866485596,4.889999866485596,8222333
2022-01-24,4.840000152587891,4.909999847412109,4.820000171661377,4.820000171661377,4.820000171661377,5554590
2022-01-25,4.760000228881836,4.760000228881836,4.610000133514404,4.659999847412109,4.659999847412109,13921725
2022-01-27,4.699999809265137,4.809999942779541,4.480000019073486,4.550000190734863,4.550000190734863,13922230
2022-01-28,4.670000076293945,4.78000020980835,4.559999942779541,4.730000019073486,4.730000019073486,17900482
2022-01-31,4.730000019073486,4.800000190734863,4.679999828338623,4.78000020980835,4.78000020980835,5060148
2022-02-01,4.820000171661377,4.945000171661377,4.804999828338623,4.900000095367432,4.900000095367432,4210759
2022-02-02,4.940000057220459,5.039999961853027,4.929999828338623,5.019999980926514,5.019999980926514,12138769
2022-02-03,5.0,5.014999866485596,4.925000190734863,4.949999809265137,4.949999809265137,4766767
2022-02-04,4.929999828338623,5.195000171661377,4.909999847412109,5.190000057220459,5.190000057220459,9426271
2022-02-07,5.170000076293945,5.5,5.150000095367432,5.429999828338623,5.429999828338623,22977685
2022-02-08,5.5,5.53000020980835,5.400000095367432,5.489999771118164,5.489999771118164,12937766
2022-02-09,5.510000228881836,5.559999942779541,5.440000057220459,5.519999980926514,5.519999980926514,8992485
2022-02-10,5.539999961853027,5.590000152587891,5.369999885559082,5.389999866485596,5.389999866485596,13827726
2022-02-11,5.369999885559082,5.440000057220459,5.304999828338623,5.400000095367432,5.400000095367432,5912354
2022-02-14,5.349999904632568,5.360000133514404,5.260000228881836,5.309999942779541,5.309999942779541,5583462
2022-02-15,5.269999980926514,5.28000020980835,5.204999923706055,5.21999979019165,5.21999979019165,5832677
2022-02-16,5.389999866485596,5.409999847412109,5.320000171661377,5.360000133514404,5.360000133514404,5627063
2022-02-17,5.449999809265137,5.550000190734863,5.389999866485596,5.389999866485596,5.389999866485596,11837951
2022-02-18,5.309999942779541,5.400000095367432,5.25,5.309999942779541,5.309999942779541,6642175
2022-02-21,5.349999904632568,5.400000095367432,5.199999809265137,5.309999942779541,5.309999942779541,5409262
2022-02-22,5.239999771118164,5.269999980926514,5.119999885559082,5.150000095367432,5.150000095367432,7877312
2022-02-23,5.139999866485596,5.360000133514404,5.119999885559082,5.349999904632568,5.349999904632568,7642676
2022-02-24,5.179999828338623,5.320000171661377,5.045000076293945,5.079999923706055,5.079999923706055,14868259
2022-02-25,5.119999885559082,5.25,5.050000190734863,5.059999942779541,5.059999942779541,8856031
2022-02-28,5.03000020980835,5.090000152587891,4.929999828338623,5.070000171661377,5.070000171661377,8150836
2022-03-01,5.090000152587891,5.199999809265137,5.079999923706055,5.159999847412109,5.159999847412109,8659347
2022-03-02,4.949999809265137,5.110000133514404,4.949999809265137,5.110000133514404,5.110000133514404,9768784
2022-03-03,5.170000076293945,5.199999809265137,5.105000019073486,5.110000133514404,5.110000133514404,5635650
2022-03-04,5.0,5.070000171661377,4.860000133514404,4.920000076293945,4.920000076293945,17507785
2022-03-07,4.829999923706055,4.840000152587891,4.46999979019165,4.53000020980835,4.53000020980835,30365932
2022-03-08,4.460000038146973,4.619999885559082,4.385000228881836,4.519999980926514,4.519999980926514,17060109
2022-03-09,4.590000152587891,4.690000057220459,4.559999942779541,4.659999847412109,4.659999847412109,11087588
2022-03-10,4.800000190734863,4.989999771118164,4.789999961853027,4.929999828338623,4.929999828338623,20346219
2022-03-11,4.900000095367432,4.929999828338623,4.820000171661377,4.849999904632568,4.849999904632568,7339069
2022-03-14,4.889999866485596,4.989999771118164,4.889999866485596,4.909999847412109,4.909999847412109,7784939
2022-03-15,4.920000076293945,5.0,4.889999866485596,4.940000057220459,4.940000057220459,8434914
2022-03-16,5.079999923706055,5.139999866485596,5.039999961853027,5.050000190734863,5.050000190734863,8405258
2022-03-17,5.150000095367432,5.179999828338623,5.099999904632568,5.139999866485596,5.139999866485596,6657291
2022-03-18,5.139999866485596,5.150000095367432,5.019999980926514,5.119999885559082,5.119999885559082,8255118
2022-03-21,5.139999866485596,5.170000076293945,5.050000190734863,5.070000171661377,5.070000171661377,5110878
2022-03-22,5.119999885559082,5.139999866485596,4.989999771118164,5.019999980926514,5.019999980926514,4465056
2022-03-23,5.079999923706055,5.114999771118164,5.050000190734863,5.059999942779541,5.059999942779541,3609334
2022-03-24,5.019999980926514,5.070000171661377,4.989999771118164,5.050000190734863,5.050000190734863,4214432
2022-03-25,5.059999942779541,5.139999866485596,5.050000190734863,5.110000133514404,5.110000133514404,9549999
2022-03-28,5.139999866485596,5.139999866485596,5.059999942779541,5.139999866485596,5.139999866485596,4009912
2022-03-29,5.159999847412109,5.224999904632568,5.150000095367432,5.150000095367432,5.150000095367432,13148422
2022-03-30,5.239999771118164,5.320000171661377,5.195000171661377,5.260000228881836,5.260000228881836,7658655
2022-03-31,5.25,5.289999961853027,5.179999828338623,5.210000038146973,5.210000038146973,6117823
2022-04-01,5.159999847412109,5.260000228881836,5.150000095367432,5.239999771118164,5.239999771118164,3649794
2022-04-04,5.199999809265137,5.230000019073486,5.159999847412109,5.159999847412109,5.159999847412109,3849273
2022-04-05,5.190000057220459,5.230000019073486,5.139999866485596,5.170000076293945,5.170000076293945,3687619
2022-04-06,5.110000133514404,5.130000114440918,5.070000171661377,5.099999904632568,5.099999904632568,4240770
2022-04-07,5.019999980926514,5.039999961853027,4.980000019073486,5.0,5.0,6115047
2022-04-08,5.0,5.050000190734863,4.989999771118164,5.039999961853027,5.039999961853027,5180324
2022-04-11,5.03000020980835,5.050000190734863,5.0,5.03000020980835,5.03000020980835,3242662
2022-04-12,5.059999942779541,5.110000133514404,5.039999961853027,5.079999923706055,5.079999923706055,5815046
2022-04-13,5.059999942779541,5.099999904632568,5.025000095367432,5.090000152587891,5.090000152587891,9446970
2022-04-14,5.179999828338623,5.5,5.179999828338623,5.449999809265137,5.449999809265137,17049034
2022-04-19,5.400000095367432,5.46999979019165,5.340000152587891,5.389999866485596,5.389999866485596,5862039
2022-04-20,5.449999809265137,5.480000019073486,5.409999847412109,5.429999828338623,5.429999828338623,5916811
2022-04-21,5.519999980926514,5.639999866485596,5.510000228881836,5.639999866485596,5.639999866485596,10207137
2022-04-22,5.639999866485596,5.710000038146973,5.570000171661377,5.639999866485596,5.639999866485596,7722499
2022-04-26,5.5,5.570000171661377,5.5,5.539999961853027,5.539999961853027,5250957
2022-04-27,5.440000057220459,5.489999771118164,5.329999923706055,5.449999809265137,5.449999809265137,5882072
2022-04-28,5.460000038146973,5.53000020980835,5.445000171661377,5.460000038146973,5.460000038146973,3558727
2022-04-29,5.53000020980835,5.599999904632568,5.489999771118164,5.599999904632568,5.599999904632568,4709891
2022-05-02,5.75,5.920000076293945,5.710000038146973,5.760000228881836,5.760000228881836,16942871
2022-05-03,5.849999904632568,5.914999961853027,5.760000228881836,5.800000190734863,5.800000190734863,11049906
2022-05-04,5.880000114440918,5.920000076293945,5.639999866485596,5.670000076293945,5.670000076293945,8408510
2022-05-05,5.690000057220459,5.710000038146973,5.559999942779541,5.650000095367432,5.650000095367432,9441295
2022-05-06,5.5,5.510000228881836,5.409999847412109,5.5,5.5,12057399
2022-05-09,5.449999809265137,5.460000038146973,5.289999961853027,5.380000114440918,5.380000114440918,9156355
2022-05-10,5.21999979019165,5.389999866485596,5.150000095367432,5.349999904632568,5.349999904632568,9231110
2022-05-11,5.349999904632568,5.349999904632568,5.239999771118164,5.309999942779541,5.309999942779541,5618031
2022-05-12,5.239999771118164,5.289999961853027,5.159999847412109,5.179999828338623,5.179999828338623,9178610
2022-05-13,5.199999809265137,5.300000190734863,5.179999828338623,5.289999961853027,5.289999961853027,6116130
2022-05-16,5.369999885559082,5.440000057220459,5.349999904632568,5.380000114440918,5.380000114440918,4825046
2022-05-17,5.360000133514404,5.46999979019165,5.320000171661377,5.440000057220459,5.440000057220459,5367615
2022-05-18,5.510000228881836,5.599999904632568,5.5,5.519999980926514,5.519999980926514,6455701
2022-05-19,5.400000095367432,5.46999979019165,5.34499979019165,5.460000038146973,5.460000038146973,5414827
2022-05-20,5.409999847412109,5.574999809265137,5.409999847412109,5.559999942779541,5.559999942779541,3729715
2022-05-23,5.539999961853027,5.550000190734863,5.440000057220459,5.460000038146973,5.460000038146973,3325140
2022-05-24,5.449999809265137,5.460000038146973,5.355000019073486,5.380000114440918,5.380000114440918,6261921
2022-05-25,5.320000171661377,5.369999885559082,5.300000190734863,5.349999904632568,5.349999904632568,4255033
2022-05-26,5.380000114440918,5.489999771118164,5.380000114440918,5.409999847412109,5.409999847412109,7739814
2022-05-27,5.5,5.5,5.400000095367432,5.460000038146973,5.460000038146973,5293237
2022-05-30,5.519999980926514,5.619999885559082,5.514999866485596,5.610000133514404,5.610000133514404,7929164
2022-05-31,5.599999904632568,5.619999885559082,5.510000228881836,5.510000228881836,5.510000228881836,6091203
2022-06-01,5.559999942779541,5.570000171661377,5.505000114440918,5.53000020980835,5.53000020980835,8039881
2022-06-02,5.420000076293945,5.465000152587891,5.380000114440918,5.409999847412109,5.409999847412109,8389455
2022-06-03,5.46999979019165,5.5,5.449999809265137,5.489999771118164,5.489999771118164,3540052
2022-06-06,5.440000057220459,5.449999809265137,5.309999942779541,5.320000171661377,5.320000171661377,6390707
2022-06-07,5.320000171661377,5.380000114440918,5.284999847412109,5.329999923706055,5.329999923706055,6759611
2022-06-08,5.360000133514404,5.440000057220459,5.309999942779541,5.429999828338623,5.429999828338623,8344182
2022-06-09,5.340000152587891,5.369999885559082,5.190000057220459,5.210000038146973,5.210000038146973,11052066
2022-06-10,5.179999828338623,5.199999809265137,5.159999847412109,5.159999847412109,5.159999847412109,8080535
2022-06-14,4.900000095367432,4.900000095367432,4.75,4.840000152587891,4.840000152587891,17032992
2022-06-15,4.809999942779541,4.840000152587891,4.699999809265137,4.710000038146973,4.710000038146973,8595330
2022-06-16,4.840000152587891,4.840000152587891,4.519999980926514,4.519999980926514,4.519999980926514,20651259
2022-06-17,4.329999923706055,4.449999809265137,4.25,4.360000133514404,4.360000133514404,24004929
2022-06-20,4.460000038146973,4.489999771118164,4.400000095367432,4.429999828338623,4.429999828338623,15884329
2022-06-21,4.480000019073486,4.579999923706055,4.460000038146973,4.550000190734863,4.550000190734863,14093396
2022-06-22,4.550000190734863,4.610000133514404,4.474999904632568,4.5,4.5,8824757
2022-06-23,4.519999980926514,4.570000171661377,4.489999771118164,4.519999980926514,4.519999980926514,8878001
2022-06-24,4.579999923706055,4.590000152587891,4.449999809265137,4.449999809265137,4.449999809265137,7574639
2022-06-27,4.519999980926514,4.639999866485596,4.510000228881836,4.639999866485596,4.639999866485596,9572403
2022-06-28,4.599999904632568,4.630000114440918,4.519999980926514,4.539999961853027,4.539999961853027,6250020
2022-06-29,4.510000228881836,4.559999942779541,4.46999979019165,4.539999961853027,4.539999961853027,6164606
2022-06-30,4.53000020980835,4.539999961853027,4.46999979019165,4.46999979019165,4.46999979019165,9927507
2022-07-01,4.5,4.559999942779541,4.449999809265137,4.449999809265137,4.449999809265137,6201242
2022-07-04,4.539999961853027,4.579999923706055,4.46999979019165,4.510000228881836,4.510000228881836,5836365
2022-07-05,4.53000020980835,4.550000190734863,4.489999771118164,4.489999771118164,4.489999771118164,5992824
2022-07-06,4.519999980926514,4.559999942779541,4.46999979019165,4.480000019073486,4.480000019073486,6658404
2022-07-07,4.510000228881836,4.519999980926514,4.380000114440918,4.449999809265137,4.449999809265137,7491552
2022-07-08,4.510000228881836,4.519999980926514,4.429999828338623,4.440000057220459,4.440000057220459,4455693
2022-07-11,4.460000038146973,4.46999979019165,4.380000114440918,4.389999866485596,4.389999866485596,3875626
2022-07-12,4.389999866485596,4.389999866485596,4.210000038146973,4.239999771118164,4.239999771118164,10535817
2022-07-13,4.369999885559082,4.449999809265137,4.349999904632568,4.420000076293945,4.420000076293945,13625281
2022-07-14,4.369999885559082,4.429999828338623,4.360000133514404,4.409999847412109,4.409999847412109,7052547
2022-07-15,4.380000114440918,4.420000076293945,4.329999923706055,4.409999847412109,4.409999847412109,5995881
2022-07-18,4.460000038146973,4.510000228881836,4.409999847412109,4.5,4.5,4691167
2022-07-19,4.480000019073486,4.525000095367432,4.465000152587891,4.489999771118164,4.489999771118164,4068840
2022-07-20,4.539999961853027,4.610000133514404,4.53000020980835,4.610000133514404,4.610000133514404,3820176
2022-07-21,4.630000114440918,4.630000114440918,4.550000190734863,4.599999904632568,4.599999904632568,5828394
2022-07-22,4.570000171661377,4.574999809265137,4.5,4.510000228881836,4.510000228881836,7317556
2022-07-25,4.539999961853027,4.614999771118164,4.519999980926514,4.590000152587891,4.590000152587891,4301764
2022-07-26,4.590000152587891,4.610000133514404,4.5,4.5,4.5,3863278
2022-07-27,4.5,4.53000020980835,4.480000019073486,4.519999980926514,4.519999980926514,3855130
2022-07-28,4.590000152587891,4.630000114440918,4.570000171661377,4.590000152587891,4.590000152587891,3238427
2022-07-29,4.610000133514404,4.630000114440918,4.550000190734863,4.559999942779541,4.559999942779541,6155656
2022-08-01,4.559999942779541,4.670000076293945,4.559999942779541,4.639999866485596,4.639999866485596,6030011
2022-08-02,4.650000095367432,4.650000095367432,4.559999942779541,4.599999904632568,4.599999904632568,4901102
2022-08-03,4.590000152587891,4.630000114440918,4.53000020980835,4.599999904632568,4.599999904632568,5156909
2022-08-04,4.559999942779541,4.659999847412109,4.550000190734863,4.559999942779541,4.559999942779541,7554749
2022-08-05,4.610000133514404,4.679999828338623,4.590000152587891,4.619999885559082,4.619999885559082,4918529
2022-08-08,4.579999923706055,4.599999904632568,4.5,4.559999942779541,4.559999942779541,4535207
2022-08-09,4.570000171661377,4.679999828338623,4.545000076293945,4.630000114440918,4.630000114440918,6114261
2022-08-10,4.590000152587891,4.659999847412109,4.590000152587891,4.639999866485596,4.639999866485596,2896269
2022-08-11,4.690000057220459,4.730000019073486,4.644999980926514,4.690000057220459,4.690000057220459,4280122
2022-08-12,4.679999828338623,4.699999809265137,4.639999866485596,4.679999828338623,4.679999828338623,3387694
2022-08-15,4.699999809265137,4.75,4.670000076293945,4.75,4.75,2167099
2022-08-16,4.800000190734863,4.849999904632568,4.75,4.769999980926514,4.769999980926514,6035633
2022-08-17,4.820000171661377,4.829999923706055,4.769999980926514,4.820000171661377,4.820000171661377,3921057
2022-08-18,4.800000190734863,4.809999942779541,4.769999980926514,4.769999980926514,4.769999980926514,5128406
2022-08-19,4.800000190734863,4.800000190734863,4.659999847412109,4.699999809265137,4.699999809265137,7170879
2022-08-22,4.630000114440918,4.639999866485596,4.579999923706055,4.610000133514404,4.610000133514404,4939124
2022-08-23,4.550000190734863,4.630000114440918,4.53000020980835,4.550000190734863,4.550000190734863,6889012
2022-08-24,4.559999942779541,4.619999885559082,4.519999980926514,4.539999961853027,4.539999961853027,6727041
2022-08-25,4.809999942779541,5.010000228881836,4.760000228881836,4.860000133514404,4.860000133514404,23380790
2022-08-26,5.019999980926514,5.179999828338623,5.010000228881836,5.179999828338623,5.179999828338623,14812423
2022-08-29,5.03000020980835,5.159999847412109,5.0,5.159999847412109,5.159999847412109,10246901
2022-08-30,5.150000095367432,5.329999923706055,5.139999866485596,5.289999961853027,5.289999961853027,11439344
2022-08-31,5.25,5.440000057220459,5.239999771118164,5.320000171661377,5.320000171661377,12152536
2022-09-01,5.210000038146973,5.320000171661377,5.199999809265137,5.199999809265137,5.199999809265137,10145309
2022-09-02,5.25,5.300000190734863,5.230000019073486,5.28000020980835,5.28000020980835,9399281
2022-09-05,5.21999979019165,5.269999980926514,5.059999942779541,5.110000133514404,5.110000133514404,10791146
2022-09-06,5.139999866485596,5.170000076293945,5.070000171661377,5.090000152587891,5.090000152587891,8561663
2022-09-07,5.079999923706055,5.139999866485596,4.989999771118164,5.059999942779541,5.059999942779541,23397621
2022-09-08,5.150000095367432,5.25,5.130000114440918,5.25,5.25,9531275
2022-09-09,5.159999847412109,5.260000228881836,5.159999847412109,5.239999771118164,5.239999771118164,5557069
2022-09-12,5.300000190734863,5.300000190734863,5.21999979019165,5.28000020980835,5.28000020980835,9803252
2022-09-13,5.340000152587891,5.349999904632568,5.25,5.309999942779541,5.309999942779541,10304515
2022-09-14,5.159999847412109,5.260000228881836,5.150000095367432,5.230000019073486,5.230000019073486,8684816
2022-09-15,5.260000228881836,5.380000114440918,5.239999771118164,5.349999904632568,5.349999904632568,10334822
2022-09-16,5.269999980926514,5.360000133514404,5.260000228881836,5.300000190734863,5.300000190734863,9312004
2022-09-19,5.28000020980835,5.309999942779541,5.210000038146973,5.25,5.25,8947951
2022-09-20,5.309999942779541,5.320000171661377,5.264999866485596,5.28000020980835,5.28000020980835,6980776
2022-09-21,5.300000190734863,5.360000133514404,5.21999979019165,5.239999771118164,5.239999771118164,5808267
2022-09-23,5.119999885559082,5.150000095367432,5.090000152587891,5.139999866485596,5.139999866485596,7773202
2022-09-26,5.03000020980835,5.099999904632568,5.010000228881836,5.059999942779541,5.059999942779541,7089263
2022-09-27,5.050000190734863,5.150000095367432,5.050000190734863,5.119999885559082,5.119999885559082,14660953
2022-09-28,5.119999885559082,5.159999847412109,5.070000171661377,5.150000095367432,5.150000095367432,9196726
2022-09-29,5.21999979019165,5.309999942779541,5.210000038146973,5.239999771118164,5.239999771118164,11789032
2022-09-30,5.170000076293945,5.199999809265137,5.019999980926514,5.019999980926514,5.019999980926514,10422019
2022-10-03,5.019999980926514,5.059999942779541,4.869999885559082,4.980000019073486,4.980000019073486,4787393
2022-10-04,5.079999923706055,5.179999828338623,5.070000171661377,5.170000076293945,5.170000076293945,7568461
2022-10-05,5.230000019073486,5.329999923706055,5.210000038146973,5.300000190734863,5.300000190734863,11337830
2022-10-06,5.28000020980835,5.349999904632568,5.269999980926514,5.269999980926514,5.269999980926514,8618149
2022-10-07,5.260000228881836,5.375,5.239999771118164,5.349999904632568,5.349999904632568,7616244
2022-10-10,5.190000057220459,5.25,5.164999961853027,5.199999809265137,5.199999809265137,4106632
2022-10-11,5.21999979019165,5.300000190734863,5.204999923706055,5.239999771118164,5.239999771118164,5515515
2022-10-12,5.199999809265137,5.25,5.170000076293945,5.170000076293945,5.170000076293945,4284273
2022-10-13,5.760000228881836,5.840000152587891,5.590000152587891,5.619999885559082,5.619999885559082,28459274
2022-10-14,5.789999961853027,5.849999904632568,5.710000038146973,5.800000190734863,5.800000190734863,16426980
2022-10-17,5.75,5.849999904632568,5.710000038146973,5.829999923706055,5.829999923706055,9499021
2022-10-18,5.880000114440918,5.929999828338623,5.860000133514404,5.900000095367432,5.900000095367432,10091378
2022-10-19,5.96999979019165,6.074999809265137,5.949999809265137,6.0,6.0,14245524
2022-10-20,5.980000019073486,6.019999980926514,5.940000057220459,6.019999980926514,6.019999980926514,12859561
2022-10-21,5.960000038146973,6.0,5.829999923706055,5.840000152587891,5.840000152587891,15575331
2022-10-24,5.960000038146973,6.019999980926514,5.829999923706055,5.829999923706055,5.829999923706055,9615832
2022-10-25,5.929999828338623,5.949999809265137,5.889999866485596,5.940000057220459,5.940000057220459,7743569
2022-10-26,5.940000057220459,5.960000038146973,5.840000152587891,5.860000133514404,5.860000133514404,6872543
2022-10-27,5.840000152587891,5.894999980926514,5.820000171661377,5.829999923706055,5.829999923706055,6732997
2022-10-28,5.849999904632568,5.860000133514404,5.730000019073486,5.760000228881836,5.760000228881836,6541079
2022-10-31,5.849999904632568,5.860000133514404,5.800000190734863,5.840000152587891,5.840000152587891,5799333
2022-11-01,5.880000114440918,6.0,5.869999885559082,6.0,6.0,13183291
2022-11-02,6.0,6.019999980926514,5.96999979019165,5.980000019073486,5.980000019073486,11291586
2022-11-03,5.849999904632568,6.039999961853027,5.849999904632568,5.949999809265137,5.949999809265137,8044123
2022-11-04,5.900000095367432,5.989999771118164,5.880000114440918,5.96999979019165,5.96999979019165,8422380
2022-11-07,5.980000019073486,6.039999961853027,5.96999979019165,6.039999961853027,6.039999961853027,7116648
2022-11-08,6.050000190734863,6.139999866485596,6.019999980926514,6.130000114440918,6.130000114440918,9773593
2022-11-09,6.150000095367432,6.170000076293945,6.005000114440918,6.010000228881836,6.010000228881836,6829275
2022-11-10,5.980000019073486,6.03000020980835,5.949999809265137,5.980000019073486,5.980000019073486,5679481
2022-11-11,6.150000095367432,6.150000095367432,5.934999942779541,5.96999979019165,5.96999979019165,16357650
2022-11-14,5.940000057220459,5.940000057220459,5.775000095367432,5.820000171661377,5.820000171661377,8004783
2022-11-15,5.849999904632568,5.880000114440918,5.739999771118164,5.829999923706055,5.829999923706055,9281491
2022-11-16,5.840000152587891,5.869999885559082,5.769999980926514,5.800000190734863,5.800000190734863,7933161
2022-11-17,5.880000114440918,5.929999828338623,5.829999923706055,5.900000095367432,5.900000095367432,8911599
2022-11-18,5.900000095367432,5.934999942779541,5.869999885559082,5.880000114440918,5.880000114440918,6505128
2022-11-21,5.920000076293945,5.920000076293945,5.820000171661377,5.869999885559082,5.869999885559082,6309385
2022-11-22,5.909999847412109,5.920000076293945,5.860000133514404,5.869999885559082,5.869999885559082,15248937
2022-11-23,6.130000114440918,6.230000019073486,6.119999885559082,6.179999828338623,6.179999828338623,15290680
2022-11-24,6.300000190734863,6.360000133514404,6.190000057220459,6.190000057220459,6.190000057220459,9983472
2022-11-25,6.179999828338623,6.210000038146973,6.050000190734863,6.059999942779541,6.059999942779541,8504713
2022-11-28,6.170000076293945,6.170000076293945,6.099999904632568,6.139999866485596,6.139999866485596,8890449
2022-11-29,6.150000095367432,6.230000019073486,6.144999980926514,6.190000057220459,6.190000057220459,6502655
2022-11-30,6.230000019073486,6.239999771118164,6.159999847412109,6.239999771118164,6.239999771118164,18269284
2022-12-01,6.329999923706055,6.340000152587891,6.190000057220459,6.21999979019165,6.21999979019165,10791142
2022-12-02,6.179999828338623,6.21999979019165,6.139999866485596,6.170000076293945,6.170000076293945,6294002
2022-12-05,6.199999809265137,6.244999885559082,6.150000095367432,6.190000057220459,6.190000057220459,6716934
2022-12-06,6.239999771118164,6.260000228881836,6.130000114440918,6.170000076293945,6.170000076293945,12145299
2022-12-07,6.179999828338623,6.28000020980835,6.130000114440918,6.269999980926514,6.269999980926514,11592199
2022-12-08,6.199999809265137,6.244999885559082,6.070000171661377,6.090000152587891,6.090000152587891,10967761
2022-12-09,6.150000095367432,6.21999979019165,6.070000171661377,6.210000038146973,6.210000038146973,13539858
2022-12-12,6.170000076293945,6.179999828338623,6.119999885559082,6.139999866485596,6.139999866485596,4891495
2022-12-13,6.199999809265137,6.28000020980835,6.170000076293945,6.28000020980835,6.28000020980835,9273511
2022-12-14,6.190000057220459,6.239999771118164,6.179999828338623,6.190000057220459,6.190000057220459,7401212
2022-12-15,6.210000038146973,6.21999979019165,6.130000114440918,6.150000095367432,6.150000095367432,7720337
2022-12-16,6.070000171661377,6.230000019073486,6.059999942779541,6.230000019073486,6.230000019073486,9096350
2022-12-19,6.25,6.25,6.190000057220459,6.21999979019165,6.21999979019165,5135082
2022-12-20,6.21999979019165,6.230000019073486,6.059999942779541,6.070000171661377,6.070000171661377,6303520
2022-12-21,6.159999847412109,6.159999847412109,6.074999809265137,6.090000152587891,6.090000152587891,4224626
2022-12-22,6.110000133514404,6.170000076293945,6.070000171661377,6.159999847412109,6.159999847412109,4405060
2022-12-23,6.070000171661377,6.139999866485596,6.070000171661377,6.110000133514404,6.110000133514404,3473667
2022-12-28,6.090000152587891,6.110000133514404,6.039999961853027,6.079999923706055,6.079999923706055,2791503
2022-12-29,6.010000228881836,6.039999961853027,5.929999828338623,5.940000057220459,5.940000057220459,3563852
2022-12-30,5.980000019073486,6.050000190734863,5.980000019073486,6.010000228881836,6.010000228881836,2406499
2023-01-03,5.989999771118164,6.03000020980835,5.880000114440918,5.940000057220459,5.940000057220459,4600791
2023-01-04,6.019999980926514,6.074999809265137,5.985000133514404,6.070000171661377,6.070000171661377,4943718
2023-01-05,6.150000095367432,6.239999771118164,6.119999885559082,6.210000038146973,6.210000038146973,5943817
2023-01-06,6.210000038146973,6.369999885559082,6.199999809265137,6.28000020980835,6.28000020980835,7371391
2023-01-09,6.329999923706055,6.420000076293945,6.309999942779541,6.400000095367432,6.400000095367432,6800904
2023-01-10,6.369999885559082,6.409999847412109,6.300000190734863,6.329999923706055,6.329999923706055,2943806
2023-01-11,6.360000133514404,6.449999809265137,6.349999904632568,6.380000114440918,6.380000114440918,5415547
2023-01-12,6.400000095367432,6.46999979019165,6.389999866485596,6.420000076293945,6.420000076293945,3593226
2023-01-13,6.489999771118164,6.519999980926514,6.46999979019165,6.46999979019165,6.46999979019165,5522873
2023-01-16,6.519999980926514,6.639999866485596,6.510000228881836,6.559999942779541,6.559999942779541,4071169
2023-01-17,6.590000152587891,6.599999904632568,6.525000095367432,6.539999961853027,6.539999961853027,3554753
2023-01-18,6.590000152587891,6.690000057220459,6.534999847412109,6.570000171661377,6.570000171661377,11816279
2023-01-19,6.599999904632568,6.610000133514404,6.5,6.539999961853027,6.539999961853027,5904813
2023-01-20,6.550000190734863,6.570000171661377,6.510000228881836,6.559999942779541,6.559999942779541,5291059
2023-01-23,6.590000152587891,6.619999885559082,6.559999942779541,6.559999942779541,6.559999942779541,6385845
2023-01-24,6.5,6.550000190734863,6.380000114440918,6.409999847412109,6.409999847412109,7876384
2023-01-25,6.429999828338623,6.519999980926514,6.409999847412109,6.46999979019165,6.46999979019165,5260501
2023-01-27,6.46999979019165,6.53000020980835,6.460000038146973,6.489999771118164,6.489999771118164,6623807
2023-01-30,6.5,6.53000020980835,6.380000114440918,6.380000114440918,6.380000114440918,4817231
2023-01-31,6.380000114440918,6.389999866485596,6.28000020980835,6.340000152587891,6.340000152587891,6093869
2023-02-01,6.380000114440918,6.449999809265137,6.340000152587891,6.400000095367432,6.400000095367432,7448991
2023-02-02,6.420000076293945,6.440000057220459,6.269999980926514,6.320000171661377,6.320000171661377,6574447
2023-02-03,6.389999866485596,6.434999942779541,6.329999923706055,6.420000076293945,6.420000076293945,8010314
2023-02-06,6.429999828338623,6.5,6.369999885559082,6.489999771118164,6.489999771118164,4957381
2023-02-07,6.53000020980835,6.590000152587891,6.449999809265137,6.480000019073486,6.480000019073486,6183343
2023-02-08,6.489999771118164,6.559999942779541,6.429999828338623,6.550000190734863,6.550000190734863,5638181
2023-02-09,6.570000171661377,6.579999923706055,6.510000228881836,6.539999961853027,6.539999961853027,4346062
2023-02-10,6.5,6.570000171661377,6.400000095367432,6.510000228881836,6.510000228881836,5067136
2023-02-13,6.449999809265137,6.510000228881836,6.429999828338623,6.510000228881836,6.510000228881836,4071434
2023-02-14,6.53000020980835,6.539999961853027,6.420000076293945,6.449999809265137,6.449999809265137,3643788
2023-02-15,6.489999771118164,6.53000020980835,6.429999828338623,6.46999979019165,6.46999979019165,4319010
2023-02-16,6.489999771118164,6.610000133514404,6.46999979019165,6.570000171661377,6.570000171661377,5828330
2023-02-17,6.599999904632568,6.610000133514404,6.510000228881836,6.599999904632568,6.599999904632568,4727578
2023-02-20,6.599999904632568,6.610000133514404,6.519999980926514,6.579999923706055,6.579999923706055,7990791
2023-02-21,6.5,6.550000190734863,6.400000095367432,6.400000095367432,6.400000095367432,5456770
2023-02-22,6.320000171661377,6.519999980926514,6.260000228881836,6.46999979019165,6.46999979019165,5873633
2023-02-23,6.5,6.539999961853027,5.96999979019165,6.03000020980835,6.03000020980835,30616784
2023-02-24,6.099999904632568,6.179999828338623,6.010000228881836,6.159999847412109,6.159999847412109,14947719
2023-02-27,6.139999866485596,6.289999961853027,6.130000114440918,6.28000020980835,6.28000020980835,12515985
2023-02-28,6.329999923706055,6.420000076293945,6.315000057220459,6.420000076293945,6.420000076293945,13148742
2023-03-01,6.480000019073486,6.550000190734863,6.409999847412109,6.440000057220459,6.440000057220459,9478564
2023-03-02,6.46999979019165,6.53000020980835,6.420000076293945,6.53000020980835,6.53000020980835,7026168
2023-03-03,6.539999961853027,6.639999866485596,6.489999771118164,6.510000228881836,6.510000228881836,8170538
2023-03-06,6.519999980926514,6.590000152587891,6.5,6.579999923706055,6.579999923706055,7099171
2023-03-07,6.619999885559082,6.710000038146973,6.554999828338623,6.579999923706055,6.579999923706055,12702688
2023-03-08,6.699999809265137,6.769999980926514,6.599999904632568,6.769999980926514,6.769999980926514,14325380
2023-03-09,6.840000152587891,6.869999885559082,6.75,6.800000190734863,6.800000190734863,13934963
2023-03-10,6.71999979019165,6.760000228881836,6.474999904632568,6.53000020980835,6.53000020980835,12300245
2023-03-13,6.449999809265137,6.5,6.369999885559082,6.5,6.5,9365569
2023-03-14,6.369999885559082,6.400000095367432,6.239999771118164,6.389999866485596,6.389999866485596,12570682
2023-03-15,6.440000057220459,6.480000019073486,6.349999904632568,6.420000076293945,6.420000076293945,11895844
2023-03-16,6.400000095367432,6.400000095367432,6.264999866485596,6.300000190734863,6.300000190734863,13646555
2023-03-17,6.320000171661377,6.46999979019165,6.230000019073486,6.46999979019165,6.46999979019165,15309448
2023-03-20,6.309999942779541,6.360000133514404,6.184999942779541,6.21999979019165,6.21999979019165,9883061
2023-03-21,6.329999923706055,6.360000133514404,6.25,6.329999923706055,6.329999923706055,7854348
2023-03-22,6.429999828338623,6.489999771118164,6.340000152587891,6.440000057220459,6.440000057220459,6734948
2023-03-23,6.340000152587891,6.460000038146973,6.340000152587891,6.440000057220459,6.440000057220459,4872965
2023-03-24,6.389999866485596,6.460000038146973,6.360000133514404,6.429999828338623,6.429999828338623,4845864
2023-03-27,6.5,6.550000190734863,6.480000019073486,6.5,6.5,6819499
2023-03-28,6.539999961853027,6.550000190734863,6.460000038146973,6.489999771118164,6.489999771118164,6451839
2023-03-29,6.480000019073486,6.53000020980835,6.449999809265137,6.489999771118164,6.489999771118164,6925836
2023-03-30,6.559999942779541,6.650000095367432,6.539999961853027,6.599999904632568,6.599999904632568,8315252
2023-03-31,6.639999866485596,6.670000076293945,6.590000152587891,6.619999885559082,6.619999885559082,7041095
2023-04-03,6.579999923706055,6.71999979019165,6.53000020980835,6.699999809265137,6.699999809265137,11159476
2023-04-04,6.639999866485596,6.809999942779541,6.619999885559082,6.789999961853027,6.789999961853027,12450546
2023-04-05,6.940000057220459,6.940000057220459,6.739999771118164,6.78000020980835,6.78000020980835,11501878
2023-04-06,6.78000020980835,6.820000171661377,6.550000190734863,6.570000171661377,6.570000171661377,8315675
2023-04-11,6.679999828338623,6.679999828338623,6.599999904632568,6.639999866485596,6.639999866485596,11019143
2023-04-12,6.699999809265137,6.699999809265137,6.480000019073486,6.5,6.5,12122869
2023-04-13,6.400000095367432,6.460000038146973,6.25,6.460000038146973,6.460000038146973,16482823
2023-04-14,6.429999828338623,6.550000190734863,6.420000076293945,6.5,6.5,7838480
2023-04-17,6.570000171661377,6.670000076293945,6.539999961853027,6.619999885559082,6.619999885559082,8780389
2023-04-18,6.599999904632568,6.639999866485596,6.519999980926514,6.570000171661377,6.570000171661377,7180322
2023-04-19,6.599999904632568,6.599999904632568,6.519999980926514,6.550000190734863,6.550000190734863,7412223
2023-04-20,6.610000133514404,6.650000095367432,6.489999771118164,6.550000190734863,6.550000190734863,8093005
2023-04-21,6.519999980926514,6.635000228881836,6.5,6.619999885559082,6.619999885559082,18247685
2023-04-24,6.650000095367432,6.670000076293945,6.559999942779541,6.610000133514404,6.610000133514404,12071354
2023-04-26,6.610000133514404,6.690000057220459,6.570000171661377,6.679999828338623,6.679999828338623,9438407
2023-04-27,6.630000114440918,6.659999847412109,6.53000020980835,6.550000190734863,6.550000190734863,7632711
2023-04-28,6.599999904632568,6.670000076293945,6.574999809265137,6.599999904632568,6.599999904632568,5451643
2023-05-01,6.699999809265137,6.800000190734863,6.679999828338623,6.739999771118164,6.739999771118164,12619357
2023-05-02,6.650000095367432,6.710000038146973,6.53000020980835,6.539999961853027,6.539999961853027,14136214
2023-05-03,6.539999961853027,6.559999942779541,6.440000057220459,6.510000228881836,6.510000228881836,15234746
2023-05-04,6.480000019073486,6.5,6.340000152587891,6.349999904632568,6.349999904632568,7899208
2023-05-05,6.309999942779541,6.349999904632568,6.28000020980835,6.320000171661377,6.320000171661377,9665906
2023-05-08,6.380000114440918,6.389999866485596,6.324999809265137,6.369999885559082,6.369999885559082,6171269
2023-05-09,6.369999885559082,6.414999961853027,6.329999923706055,6.389999866485596,6.389999866485596,7601814
2023-05-10,6.349999904632568,6.369999885559082,6.260000228881836,6.320000171661377,6.320000171661377,4722911
2023-05-11,6.260000228881836,6.349999904632568,6.255000114440918,6.349999904632568,6.349999904632568,5155480
2023-05-12,6.369999885559082,6.369999885559082,6.21999979019165,6.25,6.25,6782290
2023-05-15,6.300000190734863,6.380000114440918,6.25,6.369999885559082,6.369999885559082,6492353
2023-05-16,6.320000171661377,6.34499979019165,6.28000020980835,6.300000190734863,6.300000190734863,4871940
2023-05-17,6.329999923706055,6.364999771118164,6.28000020980835,6.360000133514404,6.360000133514404,4247502
2023-05-18,6.519999980926514,6.570000171661377,6.440000057220459,6.449999809265137,6.449999809265137,8593195
2023-05-19,6.429999828338623,6.519999980926514,6.409999847412109,6.519999980926514,6.519999980926514,3983386
2023-05-22,6.5,6.5,6.440000057220459,6.5,6.5,4129050
2023-05-23,6.550000190734863,6.559999942779541,6.300000190734863,6.360000133514404,6.360000133514404,15007037
2023-05-24,6.449999809265137,6.570000171661377,6.409999847412109,6.480000019073486,6.480000019073486,17621230
2023-05-25,6.400000095367432,6.5,6.400000095367432,6.429999828338623,6.429999828338623,10064671
2023-05-26,6.449999809265137,6.46999979019165,6.414999961853027,6.429999828338623,6.429999828338623,5045095
2023-05-29,6.489999771118164,6.519999980926514,6.409999847412109,6.420000076293945,6.420000076293945,3468803
2023-05-30,6.449999809265137,6.590000152587891,6.409999847412109,6.590000152587891,6.590000152587891,7695680
2023-05-31,6.659999847412109,6.78000020980835,6.619999885559082,6.650000095367432,6.650000095367432,21078202
2023-06-01,6.579999923706055,6.829999923706055,6.579999923706055,6.789999961853027,6.789999961853027,11169456
2023-06-02,6.769999980926514,6.809999942779541,6.679999828338623,6.679999828338623,6.679999828338623,6777127
2023-06-05,6.710000038146973,6.71999979019165,6.619999885559082,6.619999885559082,6.619999885559082,6110279
2023-06-06,6.579999923706055,6.630000114440918,6.349999904632568,6.349999904632568,6.349999904632568,15291452
2023-06-07,6.400000095367432,6.409999847412109,6.260000228881836,6.340000152587891,6.340000152587891,13188981
2023-06-08,6.329999923706055,6.360000133514404,6.190000057220459,6.21999979019165,6.21999979019165,11084489
2023-06-09,6.199999809265137,6.239999771118164,6.139999866485596,6.190000057220459,6.190000057220459,9184200
2023-06-13,6.21999979019165,6.389999866485596,6.199999809265137,6.389999866485596,6.389999866485596,8443076
2023-06-14,6.440000057220459,6.46999979019165,6.380000114440918,6.389999866485596,6.389999866485596,8830495
2023-06-15,6.400000095367432,6.53000020980835,6.389999866485596,6.519999980926514,6.519999980926514,11304777
2023-06-16,6.559999942779541,6.679999828338623,6.53000020980835,6.650000095367432,6.650000095367432,20141171
2023-06-19,6.670000076293945,6.670000076293945,6.565000057220459,6.610000133514404,6.610000133514404,8024320
2023-06-20,6.650000095367432,6.650000095367432,6.519999980926514,6.579999923706055,6.579999923706055,9341968
2023-06-21,6.510000228881836,6.550000190734863,6.409999847412109,6.420000076293945,6.420000076293945,10018414
2023-06-22,6.449999809265137,6.449999809265137,6.289999961853027,6.320000171661377,6.320000171661377,8394338
2023-06-23,6.300000190734863,6.309999942779541,6.190000057220459,6.199999809265137,6.199999809265137,5965666
2023-06-26,6.139999866485596,6.159999847412109,6.010000228881836,6.059999942779541,6.059999942779541,9803128
2023-06-27,6.099999904632568,6.099999904632568,5.920000076293945,6.0,6.0,12190325
2023-06-28,6.199999809265137,6.230000019073486,6.099999904632568,6.190000057220459,6.190000057220459,8810395
2023-06-29,6.190000057220459,6.269999980926514,6.170000076293945,6.190000057220459,6.190000057220459,6018511
2023-06-30,6.179999828338623,6.210000038146973,6.119999885559082,6.199999809265137,6.199999809265137,5644182
2023-07-03,6.230000019073486,6.239999771118164,6.130000114440918,6.190000057220459,6.190000057220459,8975821
2023-07-04,6.150000095367432,6.199999809265137,6.099999904632568,6.179999828338623,6.179999828338623,8174951
2023-07-05,6.179999828338623,6.190000057220459,6.099999904632568,6.159999847412109,6.159999847412109,6107594
2023-07-06,6.119999885559082,6.179999828338623,6.119999885559082,6.159999847412109,6.159999847412109,5747205
2023-07-07,6.070000171661377,6.150000095367432,6.059999942779541,6.119999885559082,6.119999885559082,3940259
2023-07-10,6.159999847412109,6.190000057220459,6.099999904632568,6.110000133514404,6.110000133514404,4813904
2023-07-11,6.170000076293945,6.230000019073486,6.170000076293945,6.230000019073486,6.230000019073486,5758766
2023-07-12,6.28000020980835,6.300000190734863,6.224999904632568,6.230000019073486,6.230000019073486,4190380
2023-07-13,6.25,6.340000152587891,6.215000152587891,6.340000152587891,6.340000152587891,6082863
2023-07-14,6.300000190734863,6.340000152587891,6.239999771118164,6.340000152587891,6.340000152587891,7880710
2023-07-17,6.329999923706055,6.429999828338623,6.309999942779541,6.420000076293945,6.420000076293945,6333960
2023-07-18,6.420000076293945,6.46999979019165,6.349999904632568,6.369999885559082,6.369999885559082,4099315
2023-07-19,6.460000038146973,6.489999771118164,6.420000076293945,6.460000038146973,6.460000038146973,9355306
2023-07-20,6.519999980926514,6.579999923706055,6.489999771118164,6.579999923706055,6.579999923706055,11681058
2023-07-21,6.619999885559082,6.619999885559082,6.539999961853027,6.579999923706055,6.579999923706055,7421922
2023-07-24,6.579999923706055,6.690000057220459,6.570000171661377,6.690000057220459,6.690000057220459,6731553
2023-07-25,6.659999847412109,6.679999828338623,6.53000020980835,6.579999923706055,6.579999923706055,9868605
2023-07-26,6.5,6.619999885559082,6.369999885559082,6.619999885559082,6.619999885559082,11885004
2023-07-27,6.619999885559082,6.644999980926514,6.539999961853027,6.599999904632568,6.599999904632568,7780351
2023-07-28,6.539999961853027,6.579999923706055,6.489999771118164,6.579999923706055,6.579999923706055,6387717
2023-07-31,6.619999885559082,6.639999866485596,6.494999885559082,6.53000020980835,6.53000020980835,5914345
2023-08-01,6.559999942779541,6.579999923706055,6.389999866485596,6.489999771118164,6.489999771118164,13651401
2023-08-02,6.440000057220459,6.460000038146973,6.369999885559082,6.369999885559082,6.369999885559082,7865600
2023-08-03,6.369999885559082,6.425000190734863,6.300000190734863,6.300000190734863,6.300000190734863,9101057
2023-08-04,6.309999942779541,6.380000114440918,6.28000020980835,6.380000114440918,6.380000114440918,6398482
2023-08-07,6.340000152587891,6.429999828338623,6.309999942779541,6.429999828338623,6.429999828338623,2407171
2023-08-08,6.449999809265137,6.510000228881836,6.429999828338623,6.46999979019165,6.46999979019165,6545389
2023-08-09,6.46999979019165,6.5,6.434999942779541,6.480000019073486,6.480000019073486,6791523
2023-08-10,6.489999771118164,6.519999980926514,6.460000038146973,6.5,6.5,8302268
2023-08-11,6.46999979019165,6.5,6.429999828338623,6.489999771118164,6.489999771118164,3274265
2023-08-14,6.429999828338623,6.449999809265137,6.340000152587891,6.389999866485596,6.389999866485596,4950936
2023-08-15,6.369999885559082,6.389999866485596,6.340000152587891,6.349999904632568,6.349999904632568,6964119
2023-08-16,6.320000171661377,6.375,6.300000190734863,6.340000152587891,6.340000152587891,4652290
2023-08-17,6.309999942779541,6.329999923706055,6.210000038146973,6.230000019073486,6.230000019073486,5871413
2023-08-18,6.199999809265137,6.289999961853027,6.159999847412109,6.269999980926514,6.269999980926514,5625044
2023-08-21,6.210000038146973,6.239999771118164,6.085000038146973,6.190000057220459,6.190000057220459,7792089
2023-08-22,6.210000038146973,6.235000133514404,6.159999847412109,6.230000019073486,6.230000019073486,3966672
2023-08-23,6.159999847412109,6.224999904632568,6.159999847412109,6.170000076293945,6.170000076293945,8149705
2023-08-24,6.300000190734863,6.369999885559082,6.170000076293945,6.21999979019165,6.21999979019165,8963327
2023-08-25,6.199999809265137,6.320000171661377,6.119999885559082,6.239999771118164,6.239999771118164,8527247
2023-08-28,6.25,6.28000020980835,6.119999885559082,6.119999885559082,6.119999885559082,5848422
2023-08-29,6.110000133514404,6.130000114440918,5.949999809265137,6.03000020980835,6.03000020980835,9997367
2023-08-30,6.090000152587891,6.130000114440918,5.960000038146973,6.03000020980835,6.03000020980835,10567750
2023-08-31,5.889999866485596,5.940000057220459,5.769999980926514,5.909999847412109,5.909999847412109,19174671
2023-09-01,5.849999904632568,5.869999885559082,5.795000076293945,5.820000171661377,5.820000171661377,8775142
2023-09-04,5.769999980926514,5.78000020980835,5.574999809265137,5.650000095367432,5.650000095367432,11084056
2023-09-05,5.639999866485596,5.75,5.619999885559082,5.639999866485596,5.639999866485596,7102023
2023-09-06,5.610000133514404,5.78000020980835,5.610000133514404,5.699999809265137,5.699999809265137,11270928
2023-09-07,5.650000095367432,5.690000057220459,5.53000020980835,5.570000171661377,5.570000171661377,10937474
2023-09-08,5.579999923706055,5.590000152587891,5.465000152587891,5.539999961853027,5.539999961853027,10950333
2023-09-11,5.53000020980835,5.545000076293945,5.46999979019165,5.519999980926514,5.519999980926514,6312451
2023-09-12,5.539999961853027,5.579999923706055,5.434999942779541,5.579999923706055,5.579999923706055,12004968
2023-09-13,5.590000152587891,5.670000076293945,5.53000020980835,5.570000171661377,5.570000171661377,13600547
2023-09-14,5.570000171661377,5.639999866485596,5.539999961853027,5.590000152587891,5.590000152587891,9821855
2023-09-15,5.659999847412109,5.679999828338623,5.590000152587891,5.610000133514404,5.610000133514404,19307561
2023-09-18,5.579999923706055,5.590000152587891,5.5,5.510000228881836,5.510000228881836,7435210
2023-09-19,5.480000019073486,5.53000020980835,5.425000190734863,5.449999809265137,5.449999809265137,6767318
2023-09-20,5.460000038146973,5.480000019073486,5.320000171661377,5.329999923706055,5.329999923706055,11262277
2023-09-21,5.320000171661377,5.389999866485596,5.309999942779541,5.309999942779541,5.309999942779541,11046722
2023-09-22,5.239999771118164,5.309999942779541,5.21999979019165,5.309999942779541,5.309999942779541,6274350
2023-09-25,5.21999979019165,5.260000228881836,5.175000190734863,5.230000019073486,5.230000019073486,10063975
2023-09-26,5.110000133514404,5.190000057220459,5.059999942779541,5.159999847412109,5.159999847412109,10115291
2023-09-27,5.079999923706055,5.179999828338623,5.050000190734863,5.179999828338623,5.179999828338623,13780984
2023-09-28,5.199999809265137,5.369999885559082,5.159999847412109,5.179999828338623,5.179999828338623,13788680
2023-09-29,5.210000038146973,5.230000019073486,5.159999847412109,5.179999828338623,5.179999828338623,10931665
2023-10-02,5.179999828338623,5.210000038146973,5.099999904632568,5.099999904632568,5.099999904632568,3596074
2023-10-03,5.010000228881836,5.054999828338623,5.0,5.019999980926514,5.019999980926514,10251733
2023-10-04,4.949999809265137,5.0,4.929999828338623,4.929999828338623,4.929999828338623,10474723
2023-10-05,5.010000228881836,5.079999923706055,5.0,5.039999961853027,5.039999961853027,12384910
2023-10-06,5.039999961853027,5.070000171661377,4.980000019073486,5.03000020980835,5.03000020980835,7724589
2023-10-09,4.929999828338623,4.985000133514404,4.829999923706055,4.840000152587891,4.840000152587891,13732246
2023-10-10,4.840000152587891,4.920000076293945,4.809999942779541,4.900000095367432,4.900000095367432,11202630
2023-10-11,4.96999979019165,5.079999923706055,4.909999847412109,5.03000020980835,5.03000020980835,14543650
2023-10-12,5.050000190734863,5.079999923706055,5.010000228881836,5.03000020980835,5.03000020980835,13827970
2023-10-13,4.96999979019165,5.079999923706055,4.954999923706055,5.019999980926514,5.019999980926514,8963266
2023-10-16,4.960000038146973,5.0,4.889999866485596,4.900000095367432,4.900000095367432,9887712
2023-10-17,4.940000057220459,4.960000038146973,4.875,4.900000095367432,4.900000095367432,9751125
2023-10-18,4.929999828338623,4.949999809265137,4.849999904632568,4.860000133514404,4.860000133514404,7959301
2023-10-19,4.760000228881836,4.769999980926514,4.670000076293945,4.739999771118164,4.739999771118164,12169832
2023-10-20,4.710000038146973,4.800000190734863,4.670000076293945,4.769999980926514,4.769999980926514,11590809
2023-10-23,4.75,4.789999961853027,4.684999942779541,4.789999961853027,4.789999961853027,8224807
2023-10-24,4.769999980926514,4.800000190734863,4.710000038146973,4.760000228881836,4.760000228881836,7766149
2023-10-25,4.760000228881836,4.855000019073486,4.760000228881836,4.829999923706055,4.829999923706055,9894338
2023-10-26,4.809999942779541,4.840000152587891,4.71999979019165,4.789999961853027,4.789999961853027,11064467
2023-10-27,4.820000171661377,4.860000133514404,4.760000228881836,4.760000228881836,4.760000228881836,6503281
2023-10-30,4.739999771118164,4.829999923706055,4.710000038146973,4.800000190734863,4.800000190734863,5530288
2023-10-31,4.840000152587891,4.96999979019165,4.840000152587891,4.909999847412109,4.909999847412109,15820455
2023-11-01,4.96999979019165,5.025000095367432,4.949999809265137,4.949999809265137,4.949999809265137,10107368
2023-11-02,5.010000228881836,5.110000133514404,4.954999923706055,5.079999923706055,5.079999923706055,10008446
2023-11-03,5.159999847412109,5.210000038146973,5.159999847412109,5.179999828338623,5.179999828338623,8557318
2023-11-06,5.25,5.309999942779541,5.239999771118164,5.28000020980835,5.28000020980835,8388475
2023-11-07,5.260000228881836,5.289999961853027,5.230000019073486,5.25,5.25,6802010
2023-11-08,5.28000020980835,5.369999885559082,5.28000020980835,5.320000171661377,5.320000171661377,16864327
2023-11-09,5.380000114440918,5.409999847412109,5.320000171661377,5.329999923706055,5.329999923706055,11477828
2023-11-10,5.300000190734863,5.340000152587891,5.230000019073486,5.28000020980835,5.28000020980835,9845641
2023-11-13,5.309999942779541,5.340000152587891,5.21999979019165,5.21999979019165,5.21999979019165,4006357
2023-11-14,5.289999961853027,5.320000171661377,5.25,5.289999961853027,5.289999961853027,5339038
2023-11-15,5.389999866485596,5.400000095367432,5.304999828338623,5.389999866485596,5.389999866485596,7823162
2023-11-16,5.440000057220459,5.440000057220459,5.309999942779541,5.329999923706055,5.329999923706055,5914210
2023-11-17,5.28000020980835,5.320000171661377,5.230000019073486,5.239999771118164,5.239999771118164,10006485
2023-11-20,5.28000020980835,5.329999923706055,5.260000228881836,5.300000190734863,5.300000190734863,6023151
2023-11-21,5.329999923706055,5.375,5.275000095367432,5.340000152587891,5.340000152587891,8934532
2023-11-22,5.320000171661377,5.340000152587891,5.239999771118164,5.300000190734863,5.300000190734863,6736815
2023-11-23,5.289999961853027,5.320000171661377,5.235000133514404,5.260000228881836,5.260000228881836,5695106
2023-11-24,5.260000228881836,5.269999980926514,5.230000019073486,5.260000228881836,5.260000228881836,3513389
2023-11-27,5.289999961853027,5.300000190734863,5.21999979019165,5.21999979019165,5.21999979019165,4558077
2023-11-28,5.230000019073486,5.28000020980835,5.21999979019165,5.239999771118164,5.239999771118164,4686718
2023-11-29,5.21999979019165,5.25,5.150000095367432,5.199999809265137,5.199999809265137,8774239
2023-11-30,5.230000019073486,5.320000171661377,5.210000038146973,5.300000190734863,5.300000190734863,15744869
2023-12-01,5.289999961853027,5.389999866485596,5.28000020980835,5.349999904632568,5.349999904632568,6025149
2023-12-04,5.400000095367432,5.46999979019165,5.369999885559082,5.46999979019165,5.46999979019165,5332308
2023-12-05,5.46999979019165,5.489999771118164,5.40500020980835,5.460000038146973,5.460000038146973,6964302
2023-12-06,5.440000057220459,5.554999828338623,5.420000076293945,5.510000228881836,5.510000228881836,8296606
2023-12-07,5.599999904632568,5.639999866485596,5.46999979019165,5.46999979019165,5.46999979019165,12326212
2023-12-08,5.46999979019165,5.559999942779541,5.429999828338623,5.559999942779541,5.559999942779541,7995585
2023-12-11,5.570000171661377,5.579999923706055,5.460000038146973,5.489999771118164,5.489999771118164,4019429
2023-12-12,5.449999809265137,5.480000019073486,5.420000076293945,5.480000019073486,5.480000019073486,6062470
2023-12-13,5.489999771118164,5.489999771118164,5.389999866485596,5.400000095367432,5.400000095367432,12285270
2023-12-14,5.46999979019165,5.46999979019165,5.295000076293945,5.340000152587891,5.340000152587891,13580440
2023-12-15,5.400000095367432,5.429999828338623,5.349999904632568,5.409999847412109,5.409999847412109,15020960
2023-12-18,5.409999847412109,5.460000038146973,5.380000114440918,5.460000038146973,5.460000038146973,6344191
2023-12-19,5.440000057220459,5.449999809265137,5.335000038146973,5.369999885559082,5.369999885559082,12397376
2023-12-20,5.429999828338623,5.46999979019165,5.389999866485596,5.409999847412109,5.409999847412109,10217482
2023-12-21,5.380000114440918,5.40500020980835,5.289999961853027,5.369999885559082,5.369999885559082,12245923
2023-12-22,5.400000095367432,5.420000076293945,5.360000133514404,5.360000133514404,5.360000133514404,7582338
2023-12-27,5.400000095367432,5.400000095367432,5.335000038146973,5.349999904632568,5.349999904632568,3904181
2023-12-28,5.369999885559082,5.429999828338623,5.340000152587891,5.429999828338623,5.429999828338623,5198844
2023-12-29,5.429999828338623,5.429999828338623,5.369999885559082,5.369999885559082,5.369999885559082,4130199
2024-01-02,5.380000114440918,5.400000095367432,5.340000152587891,5.349999904632568,5.349999904632568,2241507
2024-01-03,5.340000152587891,5.355000019073486,5.269999980926514,5.320000171661377,5.320000171661377,5192400
2024-01-04,5.269999980926514,5.289999961853027,5.175000190734863,5.28000020980835,5.28000020980835,5966974
2024-01-05,5.28000020980835,5.309999942779541,5.230000019073486,5.28000020980835,5.28000020980835,3697876
2024-01-08,5.320000171661377,5.320000171661377,5.269999980926514,5.300000190734863,5.300000190734863,3625807
2024-01-09,5.360000133514404,5.420000076293945,5.320000171661377,5.420000076293945,5.420000076293945,8062701
2024-01-10,5.400000095367432,5.429999828338623,5.349999904632568,5.429999828338623,5.429999828338623,3726518
2024-01-11,5.449999809265137,5.46999979019165,5.400000095367432,5.409999847412109,5.409999847412109,3673103
2024-01-12,5.389999866485596,5.46999979019165,5.369999885559082,5.409999847412109,5.409999847412109,4567362
2024-01-15,5.369999885559082,5.369999885559082,5.300000190734863,5.309999942779541,5.309999942779541,1160124
2024-01-16,5.179999828338623,5.28000020980835,5.179999828338623,5.190000057220459,5.190000057220459,3858288
2024-01-17,5.159999847412109,5.199999809265137,5.135000228881836,5.199999809265137,5.199999809265137,4619688
2024-01-18,5.119999885559082,5.21999979019165,5.110000133514404,5.210000038146973,5.210000038146973,4757548
2024-01-19,5.289999961853027,5.300000190734863,5.190000057220459,5.210000038146973,5.210000038146973,5299684
2024-01-22,5.230000019073486,5.329999923706055,5.199999809265137,5.329999923706055,5.329999923706055,6417946
2024-01-23,5.309999942779541,5.420000076293945,5.269999980926514,5.369999885559082,5.369999885559082,7083469
2024-01-24,5.400000095367432,5.480000019073486,5.369999885559082,5.440000057220459,5.440000057220459,5968693
2024-01-25,5.480000019073486,5.5,5.400000095367432,5.480000019073486,5.480000019073486,3458775
2024-01-29,5.480000019073486,5.585000038146973,5.480000019073486,5.559999942779541,5.559999942779541,4319562
2024-01-30,5.570000171661377,5.590000152587891,5.489999771118164,5.5,5.5,4182983
2024-01-31,5.480000019073486,5.559999942779541,5.445000171661377,5.559999942779541,5.559999942779541,5557823
2024-02-01,5.550000190734863,5.579999923706055,5.510000228881836,5.53000020980835,5.53000020980835,4031143
2024-02-02,5.559999942779541,5.730000019073486,5.53000020980835,5.730000019073486,5.730000019073486,7657842
2024-02-05,5.650000095367432,5.699999809265137,5.599999904632568,5.650000095367432,5.650000095367432,3102428
2024-02-06,5.630000114440918,5.699999809265137,5.590000152587891,5.650000095367432,5.650000095367432,4373807
2024-02-07,5.730000019073486,5.769999980926514,5.659999847412109,5.699999809265137,5.699999809265137,5102400
2024-02-08,5.71999979019165,5.75,5.619999885559082,5.679999828338623,5.679999828338623,3851254
2024-02-09,5.679999828338623,5.739999771118164,5.659999847412109,5.71999979019165,5.71999979019165,3636867
2024-02-12,5.71999979019165,5.739999771118164,5.679999828338623,5.710000038146973,5.710000038146973,1930809
2024-02-13,5.739999771118164,5.78000020980835,5.699999809265137,5.769999980926514,5.769999980926514,3250112
2024-02-14,5.690000057220459,5.760000228881836,5.690000057220459,5.710000038146973,5.710000038146973,4672593
2024-02-15,5.699999809265137,5.829999923706055,5.699999809265137,5.829999923706055,5.829999923706055,7875238
2024-02-16,5.880000114440918,5.909999847412109,5.820000171661377,5.820000171661377,5.820000171661377,6725172
2024-02-19,5.840000152587891,5.875,5.71999979019165,5.730000019073486,5.730000019073486,5130528
2024-02-20,5.71999979019165,5.769999980926514,5.690000057220459,5.71999979019165,5.71999979019165,4763130
2024-02-21,5.699999809265137,5.75,5.559999942779541,5.590000152587891,5.590000152587891,7340372
2024-02-22,5.690000057220459,5.804999828338623,5.210000038146973,5.210000038146973,5.210000038146973,16064251
2024-02-23,5.210000038146973,5.364999771118164,5.090000152587891,5.300000190734863,5.300000190734863,13857163
2024-02-26,5.300000190734863,5.320000171661377,5.159999847412109,5.190000057220459,5.190000057220459,10142942
2024-02-27,5.170000076293945,5.199999809265137,5.079999923706055,5.170000076293945,5.170000076293945,11388705
2024-02-28,5.179999828338623,5.21999979019165,5.099999904632568,5.130000114440918,5.130000114440918,5055364
2024-02-29,5.130000114440918,5.204999923706055,5.119999885559082,5.130000114440918,5.130000114440918,15877549
2024-03-01,5.170000076293945,5.195000171661377,5.144999980926514,5.170000076293945,5.170000076293945,3727447
2024-03-04,5.170000076293945,5.170000076293945,5.090000152587891,5.090000152587891,5.090000152587891,8587048
2024-03-05,5.139999866485596,5.179999828338623,5.090000152587891,5.119999885559082,5.119999885559082,13218240
2024-03-06,5.090000152587891,5.099999904632568,5.010000228881836,5.010000228881836,5.010000228881836,7222154
2024-03-07,5.039999961853027,5.159999847412109,5.010000228881836,5.139999866485596,5.139999866485596,14935065
2024-03-08,5.150000095367432,5.170000076293945,5.099999904632568,5.159999847412109,5.159999847412109,10944638
2024-03-11,5.130000114440918,5.199999809265137,5.099999904632568,5.159999847412109,5.159999847412109,5091444
2024-03-12,5.159999847412109,5.190000057220459,5.130000114440918,5.179999828338623,5.179999828338623,7714231
2024-03-13,5.150000095367432,5.159999847412109,5.03000020980835,5.050000190734863,5.050000190734863,15321511
2024-03-14,5.050000190734863,5.099999904632568,5.039999961853027,5.079999923706055,5.079999923706055,9241104
2024-03-15,5.070000171661377,5.110000133514404,5.045000076293945,5.110000133514404,5.110000133514404,12180784
2024-03-18,5.099999904632568,5.239999771118164,5.090000152587891,5.21999979019165,5.21999979019165,6129349
2024-03-19,5.170000076293945,5.210000038146973,5.139999866485596,5.179999828338623,5.179999828338623,9007785
2024-03-20,5.190000057220459,5.230000019073486,5.139999866485596,5.179999828338623,5.179999828338623,4933082
2024-03-21,5.25,5.300000190734863,5.199999809265137,5.289999961853027,5.289999961853027,10097363
2024-03-22,5.28000020980835,5.360000133514404,5.269999980926514,5.289999961853027,5.289999961853027,5806692
2024-03-25,5.320000171661377,5.389999866485596,5.260000228881836,5.380000114440918,5.380000114440918,7467547
2024-03-26,5.349999904632568,5.369999885559082,5.300000190734863,5.349999904632568,5.349999904632568,5014941
2024-03-27,5.320000171661377,5.409999847412109,5.309999942779541,5.409999847412109,5.409999847412109,5031764
2024-03-28,5.420000076293945,5.494999885559082,5.369999885559082,5.449999809265137,5.449999809265137,9365650
2024-04-02,5.429999828338623,5.510000228881836,5.420000076293945,5.489999771118164,5.489999771118164,7951858
2024-04-03,5.380000114440918,5.460000038146973,5.360000133514404,5.409999847412109,5.409999847412109,9134342
2024-04-04,5.420000076293945,5.46999979019165,5.394999980926514,5.440000057220459,5.440000057220459,4849067
2024-04-05,5.400000095367432,5.449999809265137,5.369999885559082,5.429999828338623,5.429999828338623,6967975
2024-04-08,5.460000038146973,5.784999847412109,5.460000038146973,5.690000057220459,5.690000057220459,14937469
2024-04-09,5.78000020980835,5.840000152587891,5.760000228881836,5.809999942779541,5.809999942779541,9676892
2024-04-10,5.829999923706055,5.960000038146973,5.820000171661377,5.929999828338623,5.929999828338623,15632018
2024-04-11,5.820000171661377,5.889999866485596,5.800000190734863,5.800000190734863,5.800000190734863,6920723
2024-04-12,5.789999961853027,5.800000190734863,5.699999809265137,5.71999979019165,5.71999979019165,5977998
2024-04-15,5.690000057220459,5.710000038146973,5.605000019073486,5.610000133514404,5.610000133514404,5090817
2024-04-16,5.539999961853027,5.559999942779541,5.445000171661377,5.46999979019165,5.46999979019165,5323671
2024-04-17,5.449999809265137,5.579999923706055,5.420000076293945,5.550000190734863,5.550000190734863,5695267
2024-04-18,5.619999885559082,5.789999961853027,5.605000019073486,5.739999771118164,5.739999771118164,7088787
2024-04-19,5.710000038146973,5.75,5.525000095367432,5.619999885559082,5.619999885559082,10371846
2024-04-22,5.699999809265137,5.820000171661377,5.650000095367432,5.820000171661377,5.820000171661377,8734856
2024-04-23,5.869999885559082,5.909999847412109,5.840000152587891,5.889999866485596,5.889999866485596,6626809
2024-04-24,5.900000095367432,5.929999828338623,5.849999904632568,5.860000133514404,5.860000133514404,6141450
2024-04-26,5.840000152587891,5.909999847412109,5.764999866485596,5.880000114440918,5.880000114440918,7648126
2024-04-29,5.920000076293945,5.920000076293945,5.804999828338623,5.820000171661377,5.820000171661377,4159541
2024-04-30,5.840000152587891,5.929999828338623,5.820000171661377,5.900000095367432,5.900000095367432,15628960
2024-05-01,5.820000171661377,5.869999885559082,5.800000190734863,5.829999923706055,5.829999923706055,7344893
2024-05-02,5.860000133514404,5.869999885559082,5.800000190734863,5.840000152587891,5.840000152587891,5322520
2024-05-03,5.869999885559082,5.909999847412109,5.835000038146973,5.880000114440918,5.880000114440918,12911812
2024-05-06,5.889999866485596,5.909999847412109,5.820000171661377,5.900000095367432,5.900000095367432,4149342
2024-05-07,5.940000057220459,6.170000076293945,5.920000076293945,6.159999847412109,6.159999847412109,13054702
2024-05-08,6.150000095367432,6.260000228881836,6.099999904632568,6.210000038146973,6.210000038146973,10358109
2024-05-09,6.21999979019165,6.360000133514404,6.21999979019165,6.300000190734863,6.300000190734863,9955099
2024-05-10,6.289999961853027,6.329999923706055,6.239999771118164,6.239999771118164,6.239999771118164,8606704
2024-05-13,6.25,6.269999980926514,6.190000057220459,6.21999979019165,6.21999979019165,6738598
2024-05-14,6.230000019073486,6.25,6.199999809265137,6.21999979019165,6.21999979019165,5015124
2024-05-15,6.21999979019165,6.25,6.139999866485596,6.179999828338623,6.179999828338623,4399836
2024-05-16,6.190000057220459,6.190000057220459,6.139999866485596,6.150000095367432,6.150000095367432,6377612
2024-05-17,6.150000095367432,6.179999828338623,6.099999904632568,6.110000133514404,6.110000133514404,3811781
2024-05-20,6.130000114440918,6.170000076293945,6.070000171661377,6.070000171661377,6.070000171661377,5516234
2024-05-21,6.090000152587891,6.269999980926514,6.039999961853027,6.269999980926514,6.269999980926514,9311603
2024-05-22,6.269999980926514,6.289999961853027,6.230000019073486,6.25,6.25,3716168
2024-05-23,6.239999771118164,6.239999771118164,6.150000095367432,6.159999847412109,6.159999847412109,4159583
2024-05-24,6.079999923706055,6.110000133514404,6.03000020980835,6.070000171661377,6.070000171661377,5763857
2024-05-27,6.110000133514404,6.159999847412109,6.059999942779541,6.119999885559082,6.119999885559082,2381535
2024-05-28,6.130000114440918,6.139999866485596,6.050000190734863,6.070000171661377,6.070000171661377,3201474
2024-05-29,5.980000019073486,6.010000228881836,5.860000133514404,5.909999847412109,5.909999847412109,9629729
2024-05-30,5.900000095367432,6.099999904632568,5.889999866485596,6.070000171661377,6.070000171661377,7505110
2024-05-31,6.050000190734863,6.150000095367432,6.010000228881836,6.150000095367432,6.150000095367432,16195425
2024-06-03,6.199999809265137,6.199999809265137,6.090000152587891,6.099999904632568,6.099999904632568,6765267
2024-06-04,6.110000133514404,6.179999828338623,6.099999904632568,6.170000076293945,6.170000076293945,5604172
2024-06-05,6.159999847412109,6.21999979019165,6.150000095367432,6.179999828338623,6.179999828338623,4824182
2024-06-06,6.239999771118164,6.269999980926514,6.210000038146973,6.21999979019165,6.21999979019165,5216364
2024-06-07,6.230000019073486,6.230000019073486,6.139999866485596,6.199999809265137,6.199999809265137,2403485
2024-06-11,6.130000114440918,6.170000076293945,6.099999904632568,6.159999847412109,6.159999847412109,5141128
2024-06-12,6.139999866485596,6.170000076293945,6.110000133514404,6.139999866485596,6.139999866485596,4045727
2024-06-13,6.21999979019165,6.21999979019165,6.070000171661377,6.110000133514404,6.110000133514404,6010113
2024-06-14,6.130000114440918,6.170000076293945,6.085000038146973,6.110000133514404,6.110000133514404,2809455
2024-06-17,6.110000133514404,6.110000133514404,5.980000019073486,6.0,6.0,4390950
2024-06-18,6.03000020980835,6.090000152587891,6.019999980926514,6.090000152587891,6.090000152587891,3652799
2024-06-19,6.099999904632568,6.170000076293945,6.059999942779541,6.150000095367432,6.150000095367432,4269711
2024-06-20,6.150000095367432,6.170000076293945,6.099999904632568,6.110000133514404,6.110000133514404,6182337
2024-06-21,6.139999866485596,6.150000095367432,6.059999942779541,6.090000152587891,6.090000152587891,20961172
2024-06-24,6.079999923706055,6.130000114440918,6.03000020980835,6.059999942779541,6.059999942779541,6115245
2024-06-25,6.099999904632568,6.099999904632568,6.019999980926514,6.050000190734863,6.050000190734863,4085482
2024-06-26,6.019999980926514,6.039999961853027,5.860000133514404,5.880000114440918,5.880000114440918,6853871
2024-06-27,5.800000190734863,5.889999866485596,5.710000038146973,5.889999866485596,5.889999866485596,9052947
2024-06-28,5.840000152587891,5.909999847412109,5.840000152587891,5.855000019073486,5.855000019073486,2792967
